 Time  Press  Temp  Dewpt  RH    Ucmp   Vcmp   spd   dir   Wcmp     Lon     Lat   Ele   Azi    Alt    Qp   Qt   Qrh  Qu   Qv   QdZ
  sec    mb     C     C     %     m/s    m/s   m/s   deg   m/s      deg     deg   deg   deg     m    code code code code code code
------ ------ ----- ----- ----- ------ ------ ----- ----- ----- -------- ------- ----- ----- ------- ---- ---- ---- ---- ---- ----
   0.0  914.7  23.4  18.4  73.4   -1.3    1.5   2.0 139.1 999.0  -64.567 -31.877 999.0 999.0   790.0  1.0  2.0  2.0  1.0  1.0  9.0
   9.0  910.0  22.2  17.1  72.7    0.5    4.6   4.6 186.2   5.0  -64.566 -31.877 999.0 999.0   835.0  1.0  1.0  1.0  1.0  1.0 99.0
  18.6  905.0  21.9  17.0  73.9    2.4    6.9   7.3 199.3   5.0  -64.566 -31.876 999.0 999.0   883.0  1.0  1.0  1.0  1.0  1.0 99.0
  28.2  900.0  21.4  16.8  75.0    4.1    9.0   9.9 204.6   5.0  -64.566 -31.875 999.0 999.0   931.0  1.0  1.0  1.0  1.0  1.0 99.0
  38.0  895.0  20.9  16.5  76.1    4.9   10.4  11.5 205.2   5.0  -64.565 -31.874 999.0 999.0   980.0  1.0  1.0  1.0  1.0  1.0 99.0
  47.6  890.0  20.5  16.5  77.6    4.9   11.0  12.0 204.1   5.0  -64.565 -31.873 999.0 999.0  1028.0  1.0  1.0  1.0  1.0  1.0 99.0
  57.4  885.0  20.1  16.4  79.2    4.7   11.5  12.5 202.2   5.0  -64.564 -31.872 999.0 999.0  1077.0  1.0  1.0  1.0  1.0  1.0 99.0
  67.2  880.0  19.6  16.1  80.3    4.6   12.1  13.0 200.7   5.0  -64.564 -31.871 999.0 999.0  1126.0  1.0  1.0  1.0  1.0  1.0 99.0
  77.0  875.0  19.4  16.1  81.3    3.9   13.1  13.7 196.6   5.0  -64.564 -31.870 999.0 999.0  1175.0  1.0  1.0  1.0  1.0  1.0 99.0
  87.0  870.0  20.1  16.4  79.5    3.2   14.2  14.6 192.7   5.0  -64.563 -31.869 999.0 999.0  1225.0  1.0  1.0  1.0  1.0  1.0 99.0
  97.0  865.0  20.3  16.2  77.4    2.4   15.1  15.3 189.0   5.0  -64.563 -31.867 999.0 999.0  1275.0  1.0  1.0  1.0  1.0  1.0 99.0
 107.0  860.0  20.3  15.9  75.7    2.6   14.8  15.0 190.0   5.0  -64.563 -31.866 999.0 999.0  1325.0  1.0  1.0  1.0  1.0  1.0 99.0
 117.0  855.0  20.2  15.9  76.3    2.6   14.4  14.6 190.2   5.0  -64.562 -31.865 999.0 999.0  1375.0  1.0  1.0  1.0  1.0  1.0 99.0
 127.2  850.0  19.8  15.7  77.3    3.1   12.9  13.2 193.6   5.0  -64.562 -31.864 999.0 999.0  1426.0  1.0  1.0  1.0  1.0  1.0 99.0
 137.4  845.0  19.5  15.4  77.3    3.6   11.0  11.6 198.1   5.0  -64.562 -31.863 999.0 999.0  1477.0  1.0  1.0  1.0  1.0  1.0 99.0
 147.6  840.0  19.3  15.4  78.4    3.8    9.5  10.2 201.8   5.0  -64.561 -31.862 999.0 999.0  1528.0  1.0  1.0  1.0  1.0  1.0 99.0
 158.0  835.0  19.6  16.1  80.0    3.9    8.0   8.9 206.0   5.0  -64.561 -31.862 999.0 999.0  1580.0  1.0  1.0  1.0  1.0  1.0 99.0
 168.4  830.0  19.7  16.4  81.3    4.1    6.7   7.8 211.6   5.0  -64.561 -31.861 999.0 999.0  1632.0  1.0  1.0  1.0  1.0  1.0 99.0
 178.8  825.0  19.4  16.1  81.2    4.5    5.5   7.1 219.2   5.0  -64.560 -31.861 999.0 999.0  1684.0  1.0  1.0  1.0  1.0  1.0 99.0
 189.3  820.0  19.1  15.7  80.5    4.9    4.3   6.5 229.0   5.0  -64.560 -31.861 999.0 999.0  1736.3  1.0  1.0  1.0  1.0  1.0 99.0
 199.8  815.0  19.3  15.7  79.5    5.9    2.9   6.6 243.7   5.0  -64.559 -31.861 999.0 999.0  1789.0  1.0  1.0  1.0  1.0  1.0 99.0
 210.5  810.0  20.3  16.0  76.6    6.5    1.3   6.6 258.7   5.0  -64.558 -31.861 999.0 999.0  1842.5  1.0  1.0  1.0  1.0  1.0 99.0
 221.2  805.0  20.5  15.4  72.5    7.2   -1.3   7.3 279.9   5.0  -64.558 -31.861 999.0 999.0  1896.0  1.0  1.0  1.0  1.0  1.0 99.0
 232.0  800.0  20.7  14.6  67.9    7.0   -3.7   7.9 297.9   5.0  -64.557 -31.861 999.0 999.0  1950.0  1.0  1.0  1.0  1.0  1.0 99.0
 242.8  795.0  20.5  13.5  64.4    6.9   -5.4   8.7 307.8   5.0  -64.557 -31.862 999.0 999.0  2004.0  1.0  1.0  1.0  1.0  1.0 99.0
 253.8  790.0  20.1  12.7  62.2    6.9   -6.7   9.6 314.1   5.0  -64.556 -31.862 999.0 999.0  2059.0  1.0  1.0  1.0  1.0  1.0 99.0
 264.7  785.0  19.7  12.1  61.4    6.9   -7.8  10.4 318.5   5.0  -64.555 -31.863 999.0 999.0  2113.7  1.0  1.0  1.0  1.0  1.0 99.0
 275.8  780.0  19.2  11.6  61.4    7.2   -8.0  10.8 318.0   5.0  -64.555 -31.863 999.0 999.0  2169.0  1.0  1.0  1.0  1.0  1.0 99.0
 286.8  775.0  18.7  11.4  62.4    7.4   -8.2  11.0 317.9   5.0  -64.554 -31.864 999.0 999.0  2224.0  1.0  1.0  1.0  1.0  1.0 99.0
 298.0  770.0  18.1  11.0  63.3    7.1   -8.6  11.2 320.5   5.0  -64.553 -31.865 999.0 999.0  2280.0  1.0  1.0  1.0  1.0  1.0 99.0
 309.2  765.0  17.7  10.9  64.3    6.8   -9.0  11.3 322.9   5.0  -64.553 -31.865 999.0 999.0  2336.0  1.0  1.0  1.0  1.0  1.0 99.0
 320.4  760.0  17.1  10.6  65.3    6.7   -9.2  11.4 323.9   5.0  -64.552 -31.866 999.0 999.0  2392.0  1.0  1.0  1.0  1.0  1.0 99.0
 331.7  755.0  16.7  10.2  65.4    6.5   -9.3  11.3 325.0   5.0  -64.552 -31.867 999.0 999.0  2448.7  1.0  1.0  1.0  1.0  1.0 99.0
 343.0  750.0  16.2   9.9  66.3    6.5   -9.5  11.5 325.6   5.0  -64.551 -31.868 999.0 999.0  2505.0  1.0  1.0  1.0  1.0  1.0 99.0
 354.4  745.0  15.7   9.6  66.9    6.2   -9.8  11.6 327.7   5.0  -64.551 -31.868 999.0 999.0  2562.0  1.0  1.0  1.0  1.0  1.0 99.0
 365.8  740.0  15.2   9.3  67.8    5.9  -10.0  11.6 329.5   5.0  -64.550 -31.869 999.0 999.0  2619.0  1.0  1.0  1.0  1.0  1.0 99.0
 377.3  735.0  14.6   9.0  68.9    5.9   -9.8  11.4 329.0   5.0  -64.549 -31.870 999.0 999.0  2676.3  1.0  1.0  1.0  1.0  1.0 99.0
 389.0  730.0  14.1   8.7  70.1    5.8   -9.6  11.2 328.9   5.0  -64.549 -31.871 999.0 999.0  2735.0  1.0  1.0  1.0  1.0  1.0 99.0
 400.5  725.0  13.6   8.4  71.3    5.7   -9.5  11.1 329.0   5.0  -64.548 -31.871 999.0 999.0  2792.5  1.0  1.0  1.0  1.0  1.0 99.0
 412.3  720.0  13.0   8.1  72.4    5.7   -9.5  11.1 329.0   5.0  -64.548 -31.872 999.0 999.0  2851.3  1.0  1.0  1.0  1.0  1.0 99.0
 424.0  715.0  12.4   7.8  73.6    5.8   -9.5  11.1 328.6   5.0  -64.547 -31.873 999.0 999.0  2910.0  1.0  1.0  1.0  1.0  1.0 99.0
 435.7  710.0  11.9   7.6  75.1    5.8   -9.3  11.0 328.1   5.0  -64.547 -31.874 999.0 999.0  2968.7  1.0  1.0  1.0  1.0  1.0 99.0
 447.5  705.0  11.4   7.4  76.2    5.8   -9.3  11.0 328.1   5.0  -64.546 -31.874 999.0 999.0  3027.5  1.0  1.0  1.0  1.0  1.0 99.0
 459.5  700.0  10.9   6.9  76.2    5.9   -9.5  11.2 328.2   5.0  -64.546 -31.875 999.0 999.0  3087.5  1.0  1.0  1.0  1.0  1.0 99.0
 471.5  695.0  10.7   6.3  74.1    6.1   -9.7  11.4 328.0   5.0  -64.545 -31.876 999.0 999.0  3147.5  1.0  1.0  1.0  1.0  1.0 99.0
 483.5  690.0  10.5   5.5  71.3    6.4  -10.0  11.8 327.3   5.0  -64.544 -31.877 999.0 999.0  3207.5  1.0  1.0  1.0  1.0  1.0 99.0
 495.7  685.0  10.1   4.7  68.9    6.8  -10.3  12.3 326.7   5.0  -64.544 -31.878 999.0 999.0  3268.7  1.0  1.0  1.0  1.0  1.0 99.0
 507.7  680.0   9.7   4.1  68.1    7.1  -10.5  12.6 326.0   5.0  -64.543 -31.879 999.0 999.0  3328.7  1.0  1.0  1.0  1.0  1.0 99.0
 520.0  675.0   9.2   3.6  68.1    7.2  -10.7  12.9 326.1   5.0  -64.542 -31.880 999.0 999.0  3390.0  1.0  1.0  1.0  1.0  1.0 99.0
 532.5  670.0   8.8   3.2  68.2    7.5  -11.1  13.4 326.0   5.0  -64.541 -31.881 999.0 999.0  3452.5  1.0  1.0  1.0  1.0  1.0 99.0
 544.7  665.0   8.2   2.7  68.3    7.8  -11.5  13.9 325.9   5.0  -64.540 -31.882 999.0 999.0  3513.7  1.0  1.0  1.0  1.0  1.0 99.0
 557.3  660.0   7.7   2.4  69.4    8.1  -11.4  14.0 324.5   5.0  -64.539 -31.883 999.0 999.0  3576.3  1.0  1.0  1.0  1.0  1.0 99.0
 569.7  655.0   7.2   2.1  70.1    8.1  -11.2  13.8 324.0   5.0  -64.538 -31.884 999.0 999.0  3638.7  1.0  1.0  1.0  1.0  1.0 99.0
 582.5  650.0   6.7   1.8  71.1    7.7  -10.8  13.3 324.5   5.0  -64.537 -31.886 999.0 999.0  3702.5  1.0  1.0  1.0  1.0  1.0 99.0
 595.3  645.0   6.1   1.4  72.0    7.6  -10.5  13.0 324.1   5.0  -64.537 -31.887 999.0 999.0  3766.3  1.0  1.0  1.0  1.0  1.0 99.0
 608.0  640.0   5.7   1.1  72.2    7.8  -10.4  13.0 323.1   5.0  -64.536 -31.888 999.0 999.0  3830.0  1.0  1.0  1.0  1.0  1.0 99.0
 620.7  635.0   5.2   0.8  73.1    8.0  -10.2  13.0 321.9   5.0  -64.535 -31.889 999.0 999.0  3893.7  1.0  1.0  1.0  1.0  1.0 99.0
 633.7  630.0   4.7   0.2  72.3    8.2  -10.2  13.1 321.2   5.0  -64.534 -31.890 999.0 999.0  3958.7  1.0  1.0  1.0  1.0  1.0 99.0
 646.7  625.0   4.5  -0.4  70.4    9.0  -10.0  13.4 318.1   5.0  -64.533 -31.890 999.0 999.0  4023.7  1.0  1.0  1.0  1.0  1.0 99.0
 659.7  620.0   4.1  -1.2  68.4    9.9   -9.8  13.9 314.8   5.0  -64.531 -31.891 999.0 999.0  4088.7  1.0  1.0  1.0  1.0  1.0 99.0
 673.0  615.0   3.7  -1.9  67.0   11.2  -10.6  15.4 313.4   5.0  -64.530 -31.892 999.0 999.0  4155.0  1.0  1.0  1.0  1.0  1.0 99.0
 686.3  610.0   3.2  -2.3  67.0   12.5  -11.5  16.9 312.7   5.0  -64.529 -31.893 999.0 999.0  4221.3  1.0  1.0  1.0  1.0  1.0 99.0
 699.5  605.0   2.8  -2.7  67.0   13.6  -12.9  18.7 313.6   5.0  -64.528 -31.895 999.0 999.0  4287.5  1.0  1.0  1.0  1.0  1.0 99.0
 713.0  600.0   2.2  -3.2  67.3   14.7  -14.6  20.7 314.8   5.0  -64.526 -31.896 999.0 999.0  4355.0  1.0  1.0  1.0  1.0  1.0 99.0
 726.5  595.0   1.6  -3.7  68.0   15.4  -16.1  22.2 316.3   5.0  -64.525 -31.897 999.0 999.0  4422.5  1.0  1.0  1.0  1.0  1.0 99.0
 740.0  590.0   1.4  -4.0  67.1   15.5  -17.2  23.2 318.0   5.0  -64.523 -31.899 999.0 999.0  4490.0  1.0  1.0  1.0  1.0  1.0 99.0
 754.0  585.0   1.9  -5.6  57.5   17.2  -18.3  25.1 316.8   5.0  -64.521 -31.901 999.0 999.0  4560.0  1.0  1.0  1.0  1.0  1.0 99.0
 767.7  580.0   1.6  -7.5  50.8   19.3  -19.4  27.3 315.1   5.0  -64.518 -31.903 999.0 999.0  4628.8  1.0  1.0  1.0  1.0  1.0 99.0
 781.7  575.0   1.0  -8.7  48.2   20.2  -19.5  28.1 314.0   5.0  -64.516 -31.905 999.0 999.0  4698.3  1.0  1.0  1.0  1.0  1.0 99.0
 795.7  570.0   0.4  -9.9  45.9   20.9  -19.5  28.6 313.0   5.0  -64.513 -31.907 999.0 999.0  4768.3  1.0  1.0  1.0  1.0  1.0 99.0
 809.7  565.0  -0.3 -10.5  45.9   21.4  -19.0  28.6 311.7   5.0  -64.511 -31.908 999.0 999.0  4838.8  1.0  1.0  1.0  1.0  1.0 99.0
 824.0  560.0  -0.8 -11.3  44.7   21.9  -18.4  28.6 310.0   5.0  -64.509 -31.910 999.0 999.0  4910.0  1.0  1.0  1.0  1.0  1.0 99.0
 838.3  555.0  -1.4 -12.6  42.2   22.0  -18.5  28.7 310.1   5.0  -64.507 -31.911 999.0 999.0  4981.7  1.0  1.0  1.0  1.0  1.0 99.0
 852.7  550.0  -2.1 -13.7  40.6   22.1  -18.6  28.9 310.1   5.0  -64.505 -31.913 999.0 999.0  5053.8  1.0  1.0  1.0  1.0  1.0 99.0
 867.3  545.0  -2.8 -14.5  40.3   22.3  -18.7  29.1 310.0   5.0  -64.503 -31.914 999.0 999.0  5126.3  1.0  1.0  1.0  1.0  1.0 99.0
 881.7  540.0  -3.5 -14.4  42.7   22.6  -19.0  29.5 310.0   5.0  -64.501 -31.915 999.0 999.0  5198.8  1.0  1.0  1.0  1.0  1.0 99.0
 896.5  535.0  -4.2 -15.0  42.7   22.8  -19.2  29.8 310.0   5.0  -64.499 -31.917 999.0 999.0  5272.5  1.0  1.0  1.0  1.0  1.0 99.0
 911.3  530.0  -4.8 -15.8  41.9   23.0  -18.7  29.6 309.1   5.0  -64.496 -31.919 999.0 999.0  5346.7  1.0  1.0  1.0  1.0  1.0 99.0
 926.3  525.0  -5.3 -16.6  40.6   23.4  -19.0  30.2 309.0   5.0  -64.493 -31.921 999.0 999.0  5421.3  1.0  1.0  1.0  1.0  1.0 99.0
 941.3  520.0  -5.9 -17.0  41.3   24.5  -19.8  31.5 309.0   5.0  -64.490 -31.923 999.0 999.0  5496.3  1.0  1.0  1.0  1.0  1.0 99.0
 956.3  515.0  -6.4 -16.5  44.4   25.2  -21.0  32.8 309.7   5.0  -64.487 -31.926 999.0 999.0  5571.7  1.0  1.0  1.0  1.0  1.0 99.0
 971.5  510.0  -7.0 -16.5  46.5   26.2  -22.0  34.1 310.0   5.0  -64.483 -31.928 999.0 999.0  5647.5  1.0  1.0  1.0  1.0  1.0 99.0
 987.0  505.0  -7.4 -17.2  45.6   27.0  -22.7  35.3 310.1   5.0  -64.480 -31.930 999.0 999.0  5725.0  1.0  1.0  1.0  1.0  1.0 99.0
1002.3  500.0  -7.9 -17.6  45.6   27.6  -23.6  36.3 310.6   5.0  -64.477 -31.933 999.0 999.0  5801.7  1.0  1.0  1.0  1.0  1.0 99.0
1018.0  495.0  -8.5 -17.9  46.7   27.8  -25.0  37.4 312.0   5.0  -64.473 -31.936 999.0 999.0  5880.0  1.0  1.0  1.0  1.0  1.0 99.0
1033.7  490.0  -9.0 -17.5  50.0   27.4  -25.6  37.5 313.0   5.0  -64.470 -31.938 999.0 999.0  5958.3  1.0  1.0  1.0  1.0  1.0 99.0
1049.7  485.0  -9.5 -17.4  52.6   26.4  -26.3  37.3 314.8   5.0  -64.467 -31.941 999.0 999.0  6038.3  1.0  1.0  1.0  1.0  1.0 99.0
1065.7  480.0 -10.0 -17.8  52.6   25.9  -27.4  37.7 316.6   5.0  -64.464 -31.944 999.0 999.0  6118.3  1.0  1.0  1.0  1.0  1.0 99.0
1081.7  475.0 -10.6 -18.7  51.4   25.6  -28.4  38.2 318.0   5.0  -64.461 -31.946 999.0 999.0  6198.3  1.0  1.0  1.0  1.0  1.0 99.0
1098.0  470.0 -11.2 -20.2  47.4   25.9  -28.7  38.7 317.9   5.0  -64.458 -31.949 999.0 999.0  6280.0  1.0  1.0  1.0  1.0  1.0 99.0
1114.3  465.0 -11.6 -25.0  32.0   26.3  -29.0  39.1 317.7   5.0  -64.455 -31.952 999.0 999.0  6361.7  1.0  1.0  1.0  1.0  1.0 99.0
1131.0  460.0 -11.8 -33.2  15.1   28.3  -27.6  39.5 314.3   5.0  -64.451 -31.955 999.0 999.0  6445.0  1.0  1.0  1.0  1.0  1.0 99.0
1147.7  455.0 -12.4 -43.5   5.5   30.0  -26.1  39.8 311.1   5.0  -64.447 -31.958 999.0 999.0  6528.3  1.0  1.0  1.0  1.0  1.0 99.0
1164.5  450.0 -13.1 -46.8   4.1   31.1  -25.2  40.0 309.0   5.0  -64.442 -31.961 999.0 999.0  6612.5  1.0  1.0  1.0  1.0  1.0 99.0
1181.5  445.0 -13.9 -48.5   3.6   31.3  -25.1  40.1 308.7   5.0  -64.438 -31.965 999.0 999.0  6697.5  1.0  1.0  1.0  1.0  1.0 99.0
1198.7  440.0 -14.5 -48.9   3.6   32.0  -24.7  40.4 307.7   5.0  -64.432 -31.968 999.0 999.0  6783.3  1.0  1.0  1.0  1.0  1.0 99.0
1216.0  435.0 -14.9 -43.1   7.1   33.0  -24.1  40.9 306.1   5.0  -64.428 -31.971 999.0 999.0  6870.0  1.0  1.0  1.0  1.0  1.0 99.0
1233.3  430.0 -15.4 -38.8  11.6   33.2  -24.1  41.0 306.0   5.0  -64.422 -31.974 999.0 999.0  6956.7  1.0  1.0  1.0  1.0  1.0 99.0
1251.0  425.0 -16.0 -40.4  10.3   33.3  -24.4  41.3 306.2   5.0  -64.416 -31.978 999.0 999.0  7045.0  1.0  1.0  1.0  1.0  1.0 99.0
1268.7  420.0 -16.2 -42.2   8.7   32.5  -26.3  41.8 308.9   5.0  -64.409 -31.983 999.0 999.0  7133.3  1.0  1.0  1.0  1.0  1.0 99.0
1286.7  415.0 -16.8 -46.9   5.5   32.1  -26.9  41.9 310.0   5.0  -64.401 -31.989 999.0 999.0  7223.3  1.0  1.0  1.0  1.0  1.0 99.0
1305.0  410.0 -17.3 -49.2   4.4   30.4  -28.4  41.6 313.1   5.0  -64.393 -31.995 999.0 999.0  7315.0  1.0  1.0  1.0  1.0  1.0 99.0
1323.3  405.0 -17.9 -54.1   2.6   29.1  -29.6  41.5 315.5   5.0  -64.384 -32.003 999.0 999.0  7406.7  1.0  1.0  1.0  1.0  1.0 99.0
1342.0  400.0 -18.6 -54.6   2.6   28.8  -29.9  41.5 316.1   5.0  -64.373 -32.012 999.0 999.0  7500.0  1.0  1.0  1.0  1.0  1.0 99.0
1360.7  395.0 -19.1 -50.3   4.5   28.7  -30.8  42.1 317.0   5.0  -64.363 -32.021 999.0 999.0  7593.3  1.0  1.0  1.0  1.0  1.0 99.0
1379.7  390.0 -19.1 -42.6  10.6   29.6  -30.6  42.6 316.0   5.0  -64.354 -32.029 999.0 999.0  7688.3  1.0  1.0  1.0  1.0  1.0 99.0
1398.7  385.0 -20.1 -39.6  15.8   29.9  -30.9  43.0 315.9   5.0  -64.347 -32.035 999.0 999.0  7783.3  1.0  1.0  1.0  1.0  1.0 99.0
1418.0  380.0 -21.3 -37.3  22.3   30.3  -31.4  43.6 316.0   5.0  -64.341 -32.040 999.0 999.0  7880.0  1.0  1.0  1.0  1.0  1.0 99.0
1437.5  375.0 -22.3 -32.3  39.8   29.9  -32.1  43.9 317.0   5.0  -64.334 -32.046 999.0 999.0  7977.5  1.0  1.0  1.0  1.0  1.0 99.0
1457.3  370.0 -22.6 -27.6  63.7   28.8  -33.1  43.9 319.0   5.0  -64.328 -32.052 999.0 999.0  8076.7  1.0  1.0  1.0  1.0  1.0 99.0
1477.0  365.0 -23.3 -27.5  68.4   28.5  -33.9  44.3 319.9   5.0  -64.323 -32.058 999.0 999.0  8175.0  1.0  1.0  1.0  1.0  1.0 99.0
1497.3  360.0 -23.8 -28.0  68.3   29.6  -35.3  46.1 320.0   5.0  -64.317 -32.064 999.0 999.0  8276.7  1.0  1.0  1.0  1.0  1.0 99.0
1518.0  355.0 -21.3 -25.2  70.5   28.1  -35.8  45.5 321.9   5.0  -64.310 -32.071 999.0 999.0  8380.0  2.0  3.0  3.0  1.0  1.0 99.0
1539.0  350.0 -17.9 -23.3  62.4   27.7  -35.5  45.0 322.0   5.0  -64.303 -32.079 999.0 999.0  8485.0  1.0  3.0  3.0  1.0  1.0 99.0
1560.5  345.0 -15.6 -20.8  64.5   28.3  -35.6  45.4 321.5   5.0  -64.296 -32.087 999.0 999.0  8592.5  1.0  3.0  3.0  1.0  1.0 99.0
1582.5  340.0 -14.7 -19.9  64.6   29.1  -34.6  45.2 320.0   5.0  -64.288 -32.095 999.0 999.0  8702.5  1.0  3.0  3.0  1.0  1.0 99.0
1605.3  335.0 -12.1 -17.9  62.0   29.7  -35.4  46.3 320.0   5.0  -64.279 -32.103 999.0 999.0  8816.7  1.0  3.0  3.0  1.0  1.0 99.0
1628.1  330.0 -13.7 -19.5  61.6   30.9  -36.8  48.1 320.0   5.0  -64.268 -32.115 999.0 999.0  8930.6  3.0  3.0  3.0  1.0  1.0 99.0
1651.3  325.0 -18.7 -23.7  64.4   30.9  -33.1  45.2 317.0   5.0  -64.254 -32.128 999.0 999.0  9046.7  3.0  3.0  3.0  1.0  1.0 99.0
1674.0  320.0 -24.1 -28.4  67.4   31.3  -32.9  45.4 316.4   5.0  -64.238 -32.142 999.0 999.0  9160.0  3.0  3.0  3.0  1.0  1.0 99.0
1697.0  315.0 -27.4 -31.3  69.1   28.8  -34.2  44.7 319.9   5.0  -64.229 -32.151 999.0 999.0  9275.0  1.0  3.0  3.0  1.0  1.0 99.0
1720.0  310.0 -30.1 -33.6  71.2   25.8  -34.2  42.8 323.0   5.0  -64.222 -32.158 999.0 999.0  9390.0  1.0  3.0  3.0  1.0  1.0 99.0
1743.0  305.0 -31.5 -34.9  71.7   27.6  -31.8  42.1 319.0   5.0  -64.216 -32.164 999.0 999.0  9505.0  1.0  3.0  3.0  1.0  1.0 99.0
1766.3  300.0 -32.3 -35.9  70.2   28.2  -29.3  40.6 316.1   5.0  -64.210 -32.170 999.0 999.0  9621.7  1.0  2.0  2.0  1.0  1.0 99.0
1790.0  295.0 -33.4 -37.0  70.2   29.0  -29.1  41.1 315.1   5.0  -64.204 -32.175 999.0 999.0  9740.0  1.0  2.0  2.0  1.0  1.0 99.0
1814.0  290.0 -34.5 -38.2  69.1   29.3  -28.3  40.7 314.0   5.0  -64.199 -32.179 999.0 999.0  9860.0  1.0  2.0  2.0  1.0  1.0 99.0
1838.0  285.0 -35.6 -39.3  69.0   30.7  -27.8  41.4 312.2   5.0  -64.193 -32.183 999.0 999.0  9980.0  1.0  2.0  2.0  1.0  1.0 99.0
1862.5  280.0 -36.6 -40.4  67.9   31.1  -27.1  41.2 311.1   5.0  -64.187 -32.188 999.0 999.0 10102.5  1.0  2.0  2.0  1.0  1.0 99.0
1887.5  275.0 -37.7 -41.2  69.6   30.5  -25.6  39.8 310.0   5.0  -64.181 -32.192 999.0 999.0 10227.5  1.0  2.0  2.0  1.0  1.0 99.0
1913.0  270.0 -38.5 -41.3  74.8   31.1  -26.1  40.6 310.0   5.0  -64.175 -32.196 999.0 999.0 10355.0  1.0  3.0  3.0  1.0  1.0 99.0
1938.5  265.0 -39.1 -41.3  79.2   30.5  -27.4  41.0 311.9   5.0  -64.169 -32.201 999.0 999.0 10482.5  1.0  3.0  3.0  1.0  1.0 99.0
1964.5  260.0 -40.8 -41.7  91.0   30.2  -27.2  40.6 312.0   5.0  -64.164 -32.205 999.0 999.0 10612.5  1.0  3.0  3.0  1.0  1.0 99.0
1991.0  255.0 -43.1 -43.1 100.0   28.7  -26.8  39.3 313.0   5.0  -64.159 -32.209 999.0 999.0 10745.0  1.0  3.0  3.0  1.0  1.0 99.0
2017.3  250.0 -46.5 -46.5 100.0   28.6  -25.2  38.1 311.3   5.0  -64.155 -32.212 999.0 999.0 10876.3  1.0  3.0  3.0  1.0  1.0 99.0
2044.0  245.0 -49.5 -49.5 100.0   28.8  -23.3  37.0 309.0   5.0  -64.150 -32.214 999.0 999.0 11010.0  1.0  3.0  3.0  1.0  1.0 99.0
2071.0  240.0 -50.2 -50.2 100.0   29.5  -21.0  36.2 305.4   5.0  -64.146 -32.217 999.0 999.0 11145.0  1.0  3.0  3.0  1.0  1.0 99.0
2098.0  235.0 -51.4 -51.4 100.0   30.6  -17.8  35.4 300.2   5.0  -64.142 -32.219 999.0 999.0 11280.0  1.0  3.0  3.0  1.0  1.0 99.0
2126.0  230.0 -52.6 -52.6 100.0   32.1  -15.5  35.6 295.8   5.0  -64.137 -32.221 999.0 999.0 11420.0  1.0  3.0  3.0  1.0  1.0 99.0
2154.5  225.0 -54.0 -54.0 100.0   34.8  -14.7  37.7 292.9   5.0  -64.130 -32.223 999.0 999.0 11562.5  1.0  3.0  3.0  1.0  1.0 99.0
2183.0  220.0 -55.3 -55.3 100.0   37.5  -15.4  40.5 292.3   5.0  -64.124 -32.225 999.0 999.0 11705.0  1.0  3.0  3.0  1.0  1.0 99.0
2212.5  215.0 -56.5 -56.4 100.0   38.6  -15.6  41.6 292.0   5.0  -64.119 -32.227 999.0 999.0 11852.5  1.0  3.0  3.0  1.0  1.0 99.0
2242.0  210.0 -57.6 -57.6 100.0   38.9  -15.7  41.9 292.0   5.0  -64.113 -32.229 999.0 999.0 12000.0  1.0  3.0  3.0  1.0  1.0 99.0
2272.5  205.0 -58.8 -58.9 100.0   38.9  -15.7  41.9 292.0   5.0  -64.107 -32.232 999.0 999.0 12152.5  1.0  3.0  3.0  1.0  1.0 99.0
2303.5  200.0 -59.8 -59.9 100.0   38.8  -15.1  41.7 291.3   5.0  -64.101 -32.234 999.0 999.0 12307.5  1.0  3.0  3.0  1.0  1.0 99.0
2335.0  195.0 -59.0 -59.0 100.0   38.8  -14.4  41.4 290.4   5.0  -64.095 -32.235 999.0 999.0 12465.0  1.0  3.0  3.0  1.0  1.0 99.0
2368.0  190.0 -58.1 -58.1 100.0   38.8  -14.3  41.4 290.2   5.0  -64.089 -32.237 999.0 999.0 12630.0  1.0  3.0  3.0  1.0  1.0 99.0
2401.0  185.0 -59.0 -59.0 100.0   38.8  -16.2  42.0 292.7   5.0  -64.082 -32.240 999.0 999.0 12795.0  1.0  2.0  2.0  1.0  1.0 99.0
2435.5  180.0 -59.8 -60.3  93.4   37.8  -18.2  41.9 295.7   5.0  -64.075 -32.242 999.0 999.0 12967.5  1.0  2.0  2.0  1.0  1.0 99.0
2470.5  175.0 -60.7 -62.4  79.9   34.5  -21.2  40.4 301.5   5.0  -64.069 -32.246 999.0 999.0 13142.5  1.0  2.0  2.0  1.0  1.0 99.0
2506.5  170.0 -61.6 -64.0  71.9   32.3  -23.5  39.9 306.0   5.0  -64.063 -32.250 999.0 999.0 13322.5  1.0  2.0  2.0  1.0  1.0 99.0
2543.5  165.0 -63.3 -66.3  65.9   28.0  -20.7  34.8 306.5   5.0  -64.054 -32.255 999.0 999.0 13507.5  1.0  2.0  2.0  1.0  1.0 99.0
2581.0  160.0 -64.8 -68.1  63.3   30.5  -25.6  39.8 310.0   5.0  -64.046 -32.261 999.0 999.0 13695.0  1.0  2.0  2.0  1.0  1.0 99.0
2620.0  155.0 -66.3 -69.8  61.7   30.0  -26.0  39.7 310.9   5.0  -64.037 -32.267 999.0 999.0 13890.0  1.0  2.0  2.0  1.0  1.0 99.0
2659.0  150.0 -68.2 -71.7  60.5   30.7  -25.8  40.1 310.0   5.0  -64.028 -32.274 999.0 999.0 14085.0  1.0  2.0  2.0  1.0  1.0 99.0
2700.0  145.0 -69.8 -73.4  59.4   33.9  -26.5  43.0 308.0   5.0  -64.018 -32.280 999.0 999.0 14290.0  1.0  2.0  2.0  1.0  1.0 99.0
2741.0  140.0 -70.6 -74.4  57.2   33.8  -27.7  43.7 309.3   5.0  -64.006 -32.288 999.0 999.0 14495.0  1.0  2.0  2.0  1.0  1.0 99.0
2784.0  135.0 -71.7 -75.2  59.5   38.7  -33.0  50.9 310.5   5.0  -63.993 -32.298 999.0 999.0 14710.0  1.0  2.0  2.0  1.0  1.0 99.0
2829.0  130.0 -71.3 -75.3  55.4   44.9  -37.7  58.6 310.0   5.0  -63.966 -32.317 999.0 999.0 14935.0  1.0  2.0  2.0  1.0  1.0 99.0
2875.0  125.0 -72.1 -75.7  58.2   41.7  -35.0  54.4 310.0   5.0  -63.950 -32.329 999.0 999.0 15165.0  1.0  2.0  2.0  1.0  1.0 99.0
2924.0  120.0 -69.1 -73.6  52.0   35.9  -31.1  47.5 310.9   5.0  -63.935 -32.340 999.0 999.0 15410.0  1.0  2.0  2.0  1.0  1.0 99.0
2975.0  115.0 -68.2 -72.3  55.3   20.5  -28.6  35.2 324.4   5.0  -63.925 -32.349 999.0 999.0 15665.0  1.0  2.0  2.0  1.0  1.0 99.0
3028.0  110.0 -67.1 -73.8  38.3   13.0  -32.1  34.6 338.0   5.0  -63.916 -32.364 999.0 999.0 15930.0  1.0  2.0  2.0  1.0  1.0 99.0
3084.0  105.0 -68.9 -76.9  30.7   13.0  -32.1  34.6 338.0   5.0  -63.911 -32.374 999.0 999.0 16210.0  1.0  2.0  2.0  1.0  1.0 99.0
3142.0  100.0 -71.3 -79.1  30.5   12.9  -32.0  34.5 338.0   5.0  -63.907 -32.385 999.0 999.0 16500.0  1.0  2.0  2.0  1.0  1.0 99.0
3202.0   95.0 -73.9 -81.5  30.4   10.6  -30.8  32.6 341.0   5.0  -63.903 -32.396 999.0 999.0 16800.0  1.0  2.0  2.0  1.0  1.0 99.0
3265.0   90.0 -76.1 -83.5  30.3   10.6  -30.8  32.6 341.0   5.0  -63.898 -32.408 999.0 999.0 17115.0  1.0  2.0  2.0  1.0  1.0 99.0
3331.0   85.0 -73.0 -84.9  15.0    9.6  -18.8  21.1 332.9   5.0  -63.890 -32.423 999.0 999.0 17445.0  1.0  2.0  2.0  1.0  1.0 99.0
3403.0   80.0 -71.0 -84.0  13.2   13.5  -15.0  20.2 318.0   5.0  -63.879 -32.436 999.0 999.0 17805.0  1.0  2.0  2.0  1.0  1.0 99.0
3479.0   75.0 -73.0 -86.1  12.2   12.8  -10.2  16.4 308.6   5.0  -63.869 -32.444 999.0 999.0 18185.0  1.0  2.0  2.0  1.0  1.0 99.0
3560.0   70.0 -72.7 -87.3   9.5   21.1  -11.3  23.9 298.2   5.0  -63.857 -32.450 999.0 999.0 18590.0  1.0  2.0  2.0  1.0  1.0 99.0
3649.0   65.0 -66.5 -84.7   6.2   10.4    3.6  11.0 250.9   5.0  -63.831 -32.455 999.0 999.0 19035.0  1.0  2.0  2.0  1.0  1.0 99.0
3746.0   60.0 -65.9 -86.1   4.5   -1.1   -4.6   4.7  13.4   5.0  -63.828 -32.453 999.0 999.0 19520.0  1.0  2.0  2.0  1.0  1.0 99.0
3852.0   55.0 -62.6 -86.0   2.9   -8.5   -8.2  11.8  46.0   5.0  -63.833 -32.460 999.0 999.0 20050.0  1.0  2.0  2.0  1.0  1.0 99.0
3970.0   50.0 -63.8 -86.9   2.9    5.9  -16.4  17.4 340.2   5.0  -63.836 -32.470 999.0 999.0 20640.0  1.0  2.0  2.0  1.0  1.0 99.0