 Time  Press  Temp  Dewpt  RH    Ucmp   Vcmp   spd   dir   Wcmp     Lon     Lat   Ele   Azi    Alt    Qp   Qt   Qrh  Qu   Qv   QdZ
  sec    mb     C     C     %     m/s    m/s   m/s   deg   m/s      deg     deg   deg   deg     m    code code code code code code
------ ------ ----- ----- ----- ------ ------ ----- ----- ----- -------- ------- ----- ----- ------- ---- ---- ---- ---- ---- ----
   0.0  883.5  31.0  17.6  44.7 9999.0 9999.0 999.0 999.0 999.0  -64.604 -31.541 999.0 999.0  1107.5  3.0  3.0  3.0  9.0  9.0  9.0
   7.6  880.0  28.1  13.3  40.2   -0.9   -0.6   1.0  56.9   5.0  -64.605 -31.542 999.0 999.0  1143.0  1.0  2.0  2.0  1.0  1.0 99.0
  17.6  875.0  27.8  13.3  40.7   -2.2   -1.5   2.6  55.2   5.0  -64.605 -31.542 999.0 999.0  1193.0  1.0  1.0  1.0  1.0  1.0 99.0
  27.8  870.0  27.4  13.6  42.8   -3.3   -2.3   4.0  55.2   5.0  -64.605 -31.542 999.0 999.0  1244.0  1.0  1.0  1.0  1.0  1.0 99.0
  38.0  865.0  27.0  14.0  44.7   -4.5   -3.2   5.5  54.6   5.0  -64.606 -31.542 999.0 999.0  1295.0  1.0  1.0  1.0  1.0  1.0 99.0
  48.3  860.0  26.5  13.9  45.8   -4.8   -3.7   6.1  52.4   5.0  -64.606 -31.543 999.0 999.0  1346.3  1.0  1.0  1.0  1.0  1.0 99.0
  58.6  855.0  25.8  13.6  46.6   -4.6   -4.3   6.3  47.2   5.0  -64.606 -31.543 999.0 999.0  1398.0  1.0  1.0  1.0  1.0  1.0 99.0
  69.0  850.0  25.3  13.4  47.5   -4.4   -4.7   6.4  43.1   5.0  -64.607 -31.543 999.0 999.0  1450.0  1.0  1.0  1.0  1.0  1.0 99.0
  79.3  845.0  24.9  13.3  48.6   -4.2   -5.2   6.7  38.9   5.0  -64.607 -31.544 999.0 999.0  1501.3  1.0  1.0  1.0  1.0  1.0 99.0
  89.7  840.0  24.3  13.3  50.1   -4.2   -4.7   6.3  41.8   5.0  -64.608 -31.544 999.0 999.0  1553.7  1.0  1.0  1.0  1.0  1.0 99.0
 100.2  835.0  23.9  13.3  51.5   -4.3   -4.2   6.0  45.8   5.0  -64.608 -31.544 999.0 999.0  1606.0  1.0  1.0  1.0  1.0  1.0 99.0
 110.7  830.0  23.4  13.2  52.6   -4.3   -3.5   5.6  50.7   5.0  -64.608 -31.545 999.0 999.0  1658.7  1.0  1.0  1.0  1.0  1.0 99.0
 121.2  825.0  22.9  12.7  52.5   -4.4   -3.3   5.5  53.1   5.0  -64.609 -31.545 999.0 999.0  1711.0  1.0  1.0  1.0  1.0  1.0 99.0
 131.8  820.0  22.4  11.9  51.5   -4.6   -3.3   5.6  54.2   5.0  -64.609 -31.545 999.0 999.0  1764.0  1.0  1.0  1.0  1.0  1.0 99.0
 142.5  815.0  22.0  11.5  51.6   -4.7   -3.3   5.7  54.9   5.0  -64.610 -31.545 999.0 999.0  1817.5  1.0  1.0  1.0  1.0  1.0 99.0
 153.2  810.0  21.5  11.4  52.7   -4.7   -3.2   5.7  55.8   5.0  -64.610 -31.546 999.0 999.0  1871.0  1.0  1.0  1.0  1.0  1.0 99.0
 164.0  805.0  20.9  11.2  53.8   -4.5   -3.3   5.6  53.7   5.0  -64.611 -31.546 999.0 999.0  1925.0  1.0  1.0  1.0  1.0  1.0 99.0
 174.7  800.0  20.4  11.1  55.0   -4.1   -3.7   5.5  48.1   5.0  -64.611 -31.546 999.0 999.0  1978.7  1.0  1.0  1.0  1.0  1.0 99.0
 185.5  795.0  20.0  11.0  56.3   -3.9   -3.8   5.4  45.7   5.0  -64.611 -31.547 999.0 999.0  2032.5  1.0  1.0  1.0  1.0  1.0 99.0
 196.4  790.0  19.5  10.9  57.5   -4.2   -3.4   5.4  51.0   5.0  -64.612 -31.547 999.0 999.0  2087.0  1.0  1.0  1.0  1.0  1.0 99.0
 207.4  785.0  19.0  10.8  58.8   -4.4   -3.1   5.4  54.8   5.0  -64.612 -31.547 999.0 999.0  2142.0  1.0  1.0  1.0  1.0  1.0 99.0
 218.4  780.0  18.6  10.5  59.4   -3.8   -3.2   5.0  49.9   5.0  -64.612 -31.547 999.0 999.0  2197.0  1.0  1.0  1.0  1.0  1.0 99.0
 229.4  775.0  18.1  10.3  60.5   -3.1   -3.3   4.5  42.8   5.0  -64.613 -31.548 999.0 999.0  2252.0  1.0  1.0  1.0  1.0  1.0 99.0
 240.5  770.0  17.6  10.1  61.8   -2.6   -3.2   4.1  39.0   5.0  -64.613 -31.548 999.0 999.0  2307.5  1.0  1.0  1.0  1.0  1.0 99.0
 251.6  765.0  16.9   9.9  63.4   -2.0   -2.6   3.3  37.7   5.0  -64.613 -31.548 999.0 999.0  2363.0  1.0  1.0  1.0  1.0  1.0 99.0
 262.8  760.0  16.4  10.3  67.3   -1.6   -2.3   2.8  34.8   5.0  -64.613 -31.548 999.0 999.0  2419.0  1.0  1.0  1.0  1.0  1.0 99.0
 274.0  755.0  15.9  10.7  71.2   -1.2   -2.0   2.3  31.0   5.0  -64.613 -31.548 999.0 999.0  2475.0  1.0  1.0  1.0  1.0  1.0 99.0
 285.4  750.0  15.4  10.8  73.8   -1.1   -2.0   2.3  28.8   5.0  -64.614 -31.549 999.0 999.0  2532.0  1.0  1.0  1.0  1.0  1.0 99.0
 296.7  745.0  14.9  10.5  74.9   -1.3   -2.2   2.6  30.6   5.0  -64.614 -31.549 999.0 999.0  2588.7  1.0  1.0  1.0  1.0  1.0 99.0
 308.2  740.0  14.4  10.3  76.2   -1.1   -2.3   2.5  25.6   5.0  -64.614 -31.549 999.0 999.0  2646.0  1.0  1.0  1.0  1.0  1.0 99.0
 319.6  735.0  13.9  10.1  77.6   -0.4   -2.1   2.2  11.6   5.0  -64.614 -31.549 999.0 999.0  2703.0  1.0  1.0  1.0  1.0  1.0 99.0
 331.2  730.0  13.4  10.0  79.7    0.1   -2.1   2.1 357.3   5.0  -64.614 -31.549 999.0 999.0  2761.0  1.0  1.0  1.0  1.0  1.0 99.0
 342.7  725.0  12.8   9.7  81.2    0.5   -2.3   2.3 348.3   5.0  -64.614 -31.550 999.0 999.0  2818.7  1.0  1.0  1.0  1.0  1.0 99.0
 354.5  720.0  12.4   9.4  82.5    0.8   -2.0   2.1 339.0   5.0  -64.614 -31.550 999.0 999.0  2877.5  1.0  1.0  1.0  1.0  1.0 99.0
 366.2  715.0  11.9   9.3  84.0    1.0   -1.2   1.6 319.2   5.0  -64.613 -31.550 999.0 999.0  2936.0  1.0  1.0  1.0  1.0  1.0 99.0
 378.0  710.0  11.3   9.0  85.7    0.9   -0.6   1.1 303.7   5.0  -64.613 -31.550 999.0 999.0  2995.0  1.0  1.0  1.0  1.0  1.0 99.0
 389.7  705.0  10.8   8.8  87.4    0.5    0.1   0.5 261.9   5.0  -64.613 -31.550 999.0 999.0  3053.7  1.0  1.0  1.0  1.0  1.0 99.0
 401.6  700.0  10.2   8.5  89.0    0.3    0.3   0.4 225.0   5.0  -64.613 -31.550 999.0 999.0  3113.0  1.0  1.0  1.0  1.0  1.0 99.0
 413.5  695.0   9.8   8.3  90.4    0.6    0.4   0.8 238.4   5.0  -64.613 -31.550 999.0 999.0  3172.5  1.0  1.0  1.0  1.0  1.0 99.0
 425.5  690.0   9.4   8.2  91.9    0.9    0.4   1.0 246.0   5.0  -64.613 -31.550 999.0 999.0  3232.5  1.0  1.0  1.0  1.0  1.0 99.0
 437.7  685.0   9.1   8.1  93.0    1.1    0.4   1.1 249.6   5.0  -64.613 -31.550 999.0 999.0  3293.7  1.0  1.0  1.0  1.0  1.0 99.0
 449.8  680.0   8.8   7.9  93.9    1.2    0.4   1.3 251.6   5.0  -64.613 -31.550 999.0 999.0  3354.0  1.0  1.0  1.0  1.0  1.0 99.0
 462.0  675.0   8.5   7.6  94.1    1.4    0.7   1.6 243.4   5.0  -64.613 -31.549 999.0 999.0  3415.0  1.0  1.0  1.0  1.0  1.0 99.0
 474.5  670.0   8.2   7.3  94.1    1.7    1.0   2.0 239.5   5.0  -64.613 -31.549 999.0 999.0  3477.5  1.0  1.0  1.0  1.0  1.0 99.0
 486.7  665.0   7.8   7.1  95.0    1.7    1.2   2.1 234.8   5.0  -64.612 -31.549 999.0 999.0  3538.7  1.0  1.0  1.0  1.0  1.0 99.0
 499.3  660.0   7.4   6.7  95.1    1.5    1.3   2.0 229.1   5.0  -64.612 -31.549 999.0 999.0  3601.3  1.0  1.0  1.0  1.0  1.0 99.0
 511.7  655.0   6.9   6.3  95.9    1.5    1.4   2.1 227.0   5.0  -64.612 -31.549 999.0 999.0  3663.7  1.0  1.0  1.0  1.0  1.0 99.0
 524.5  650.0   6.0   5.3  95.4    2.0    1.3   2.3 236.3   5.0  -64.612 -31.549 999.0 999.0  3727.5  1.0  2.0  2.0  1.0  1.0 99.0
 537.3  645.0   4.4   2.8  89.6    2.5    1.2   2.8 244.4   5.0  -64.612 -31.549 999.0 999.0  3791.3  1.0  2.0  2.0  1.0  1.0 99.0
 549.7  640.0   3.5   1.3  85.1    3.5    1.4   3.7 248.4   5.0  -64.611 -31.549 999.0 999.0  3853.7  1.0  2.0  2.0  1.0  1.0 99.0
 562.5  635.0   2.7  -0.6  79.4    4.7    1.3   4.9 254.5   5.0  -64.611 -31.549 999.0 999.0  3917.5  1.0  2.0  2.0  1.0  1.0 99.0
 575.3  630.0   1.8  -3.4  68.6    6.2    0.3   6.2 267.5   5.0  -64.610 -31.549 999.0 999.0  3981.3  1.0  2.0  2.0  1.0  1.0 99.0
 588.3  625.0   1.0  -8.6  48.9    7.3   -1.0   7.4 278.0   5.0  -64.609 -31.549 999.0 999.0  4046.3  1.0  2.0  2.0  1.0  1.0 99.0
 601.0  620.0   1.0 -10.5  41.8    7.9   -2.7   8.3 288.9   5.0  -64.608 -31.549 999.0 999.0  4110.0  1.0  2.0  2.0  1.0  1.0 99.0
 614.0  615.0   1.4 -12.3  35.3    8.3   -4.0   9.2 295.7   5.0  -64.607 -31.550 999.0 999.0  4175.0  1.0  2.0  2.0  1.0  1.0 99.0
 627.3  610.0   2.4 -14.6  27.3    8.5   -4.7   9.7 299.1   5.0  -64.606 -31.550 999.0 999.0  4241.3  1.0  2.0  2.0  1.0  1.0 99.0
 640.5  605.0   3.5 -18.9  17.6    9.4   -5.3  10.7 299.5   5.0  -64.605 -31.551 999.0 999.0  4307.5  1.0  2.0  2.0  1.0  1.0 99.0
 654.0  600.0   4.0 -20.7  14.5   10.8   -5.8  12.3 298.2   5.0  -64.604 -31.551 999.0 999.0  4375.0  1.0  1.0  1.0  1.0  1.0 99.0
 667.7  595.0   3.7 -22.5  12.7   11.9   -5.9  13.3 296.4   5.0  -64.602 -31.552 999.0 999.0  4443.3  1.0  1.0  1.0  1.0  1.0 99.0
 681.3  590.0   3.2 -23.8  11.7   12.8   -6.0  14.2 295.1   5.0  -64.601 -31.553 999.0 999.0  4511.3  1.0  1.0  1.0  1.0  1.0 99.0
 695.0  585.0   2.7 -23.3  12.7   13.6   -7.0  15.3 297.2   5.0  -64.599 -31.553 999.0 999.0  4580.0  1.0  1.0  1.0  1.0  1.0 99.0
 709.0  580.0   2.1 -23.8  12.7   14.3   -8.0  16.4 299.2   5.0  -64.597 -31.554 999.0 999.0  4650.0  1.0  1.0  1.0  1.0  1.0 99.0
 723.0  575.0   1.6 -24.2  12.7   15.2   -8.1  17.2 298.1   5.0  -64.595 -31.555 999.0 999.0  4720.0  1.0  1.0  1.0  1.0  1.0 99.0
 737.0  570.0   0.9 -24.7  12.7   15.9   -8.1  17.8 297.0   5.0  -64.593 -31.556 999.0 999.0  4790.0  1.0  1.0  1.0  1.0  1.0 99.0
 751.0  565.0   0.2 -25.3  12.7   16.2   -7.6  17.9 295.1   5.0  -64.591 -31.557 999.0 999.0  4860.0  1.0  1.0  1.0  1.0  1.0 99.0
 765.3  560.0  -0.4 -25.8  12.7   16.5   -7.6  18.2 294.6   5.0  -64.589 -31.557 999.0 999.0  4931.3  1.0  1.0  1.0  1.0  1.0 99.0
 779.5  555.0  -1.1 -26.3  12.6   17.0   -7.5  18.5 293.9   5.0  -64.587 -31.558 999.0 999.0  5002.5  1.0  1.0  1.0  1.0  1.0 99.0
 794.0  550.0  -1.7 -25.4  14.4   17.9   -7.2  19.3 291.9   5.0  -64.585 -31.559 999.0 999.0  5075.0  1.0  1.0  1.0  1.0  1.0 99.0
 808.5  545.0  -2.3 -25.1  15.6   18.3   -7.0  19.6 290.9   5.0  -64.582 -31.560 999.0 999.0  5147.5  1.0  1.0  1.0  1.0  1.0 99.0
 823.0  540.0  -3.0 -26.0  15.1   18.1   -7.0  19.4 291.1   5.0  -64.580 -31.561 999.0 999.0  5220.0  1.0  1.0  1.0  1.0  1.0 99.0
 837.7  535.0  -3.8 -27.8  13.6   18.6   -7.1  19.9 290.9   5.0  -64.576 -31.562 999.0 999.0  5293.8  1.0  1.0  1.0  1.0  1.0 99.0
 852.7  530.0  -4.4 -28.3  13.6   19.7   -7.2  20.9 290.0   5.0  -64.573 -31.563 999.0 999.0  5368.3  1.0  1.0  1.0  1.0  1.0 99.0
 867.5  525.0  -5.1 -28.8  13.6   20.7   -7.5  22.0 289.9   5.0  -64.570 -31.563 999.0 999.0  5442.5  1.0  1.0  1.0  1.0  1.0 99.0
 882.5  520.0  -5.7 -28.5  14.6   21.5   -7.5  22.7 289.2   5.0  -64.567 -31.565 999.0 999.0  5517.5  1.0  1.0  1.0  1.0  1.0 99.0
 897.7  515.0  -6.2 -29.0  14.5   22.3   -7.7  23.6 289.0   5.0  -64.563 -31.566 999.0 999.0  5593.3  1.0  1.0  1.0  1.0  1.0 99.0
 912.8  510.0  -6.9 -30.3  13.5   22.4   -8.2  23.9 290.1   5.0  -64.560 -31.567 999.0 999.0  5668.8  1.0  1.0  1.0  1.0  1.0 99.0
 928.3  505.0  -7.6 -30.2  14.5   22.1   -8.5  23.7 291.0   5.0  -64.557 -31.568 999.0 999.0  5746.3  1.0  1.0  1.0  1.0  1.0 99.0
 943.7  500.0  -8.3 -30.1  15.5   22.0   -8.4  23.5 290.9   5.0  -64.553 -31.569 999.0 999.0  5823.3  1.0  1.0  1.0  1.0  1.0 99.0
 959.3  495.0  -9.0 -30.7  15.4   22.1   -8.9  23.8 291.9   5.0  -64.549 -31.570 999.0 999.0  5901.3  1.0  1.0  1.0  1.0  1.0 99.0
 975.0  490.0  -9.8 -30.7  16.4   22.4   -9.0  24.1 291.9   5.0  -64.545 -31.572 999.0 999.0  5980.0  1.0  1.0  1.0  1.0  1.0 99.0
 990.7  485.0 -10.5 -30.6  17.4   22.4   -9.0  24.1 291.9   5.0  -64.541 -31.573 999.0 999.0  6058.3  1.0  1.0  1.0  1.0  1.0 99.0
1006.7  480.0 -11.1 -31.2  17.4   22.6   -9.1  24.4 291.9   5.0  -64.537 -31.574 999.0 999.0  6138.3  1.0  1.0  1.0  1.0  1.0 99.0
1022.7  475.0 -11.6 -29.2  21.8   23.5   -9.5  25.3 292.0   5.0  -64.533 -31.576 999.0 999.0  6218.3  1.0  1.0  1.0  1.0  1.0 99.0
1039.0  470.0 -12.1 -24.8  34.1   24.3   -9.8  26.2 292.0   5.0  -64.530 -31.577 999.0 999.0  6300.0  1.0  1.0  1.0  1.0  1.0 99.0
1055.3  465.0 -12.7 -22.9  42.4   24.3   -9.8  26.2 292.0   5.0  -64.526 -31.578 999.0 999.0  6381.7  1.0  1.0  1.0  1.0  1.0 99.0
1071.7  460.0 -13.3 -23.1  43.4   24.4   -9.8  26.3 291.9   5.0  -64.522 -31.580 999.0 999.0  6463.3  1.0  1.0  1.0  1.0  1.0 99.0
1088.3  455.0 -13.9 -25.9  35.5   25.0  -10.1  27.0 292.0   5.0  -64.518 -31.581 999.0 999.0  6546.7  1.0  1.0  1.0  1.0  1.0 99.0
1105.0  450.0 -14.4 -30.0  25.4   26.3  -10.1  28.2 291.0   5.0  -64.514 -31.582 999.0 999.0  6630.0  1.0  1.0  1.0  1.0  1.0 99.0
1122.0  445.0 -15.0 -32.4  21.2   27.6  -10.6  29.6 291.0   5.0  -64.509 -31.584 999.0 999.0  6715.0  1.0  1.0  1.0  1.0  1.0 99.0
1139.0  440.0 -15.4 -33.2  20.2   28.3  -10.9  30.3 291.1   5.0  -64.504 -31.586 999.0 999.0  6800.0  1.0  1.0  1.0  1.0  1.0 99.0
1156.3  435.0 -15.8 -37.7  13.4   28.6  -11.0  30.6 291.0   5.0  -64.499 -31.587 999.0 999.0  6886.7  1.0  1.0  1.0  1.0  1.0 99.0
1173.7  430.0 -16.4 -39.0  12.3   29.4  -11.3  31.5 291.0   5.0  -64.493 -31.589 999.0 999.0  6973.3  1.0  1.0  1.0  1.0  1.0 99.0
1191.3  425.0 -17.0 -38.7  13.4   30.5  -11.1  32.5 290.0   5.0  -64.487 -31.591 999.0 999.0  7061.7  1.0  1.0  1.0  1.0  1.0 99.0
1209.0  420.0 -17.5 -40.7  11.3   32.1  -11.0  33.9 288.9   5.0  -64.481 -31.593 999.0 999.0  7150.0  1.0  1.0  1.0  1.0  1.0 99.0
1227.0  415.0 -18.0 -46.4   6.4   32.8  -12.0  34.9 290.1   5.0  -64.473 -31.595 999.0 999.0  7240.0  1.0  1.0  1.0  1.0  1.0 99.0
1245.0  410.0 -18.4 -48.2   5.4   34.3  -12.5  36.5 290.0   5.0  -64.463 -31.598 999.0 999.0  7330.0  1.0  1.0  1.0  1.0  1.0 99.0
1263.3  405.0 -18.9 -49.7   4.8   35.3  -12.8  37.5 289.9   5.0  -64.454 -31.601 999.0 999.0  7421.7  1.0  1.0  1.0  1.0  1.0 99.0
1281.7  400.0 -19.7 -49.2   5.4   34.3  -13.2  36.8 291.0   5.0  -64.443 -31.605 999.0 999.0  7513.3  1.0  1.0  1.0  1.0  1.0 99.0
1300.3  395.0 -20.4 -49.7   5.4   34.0  -14.3  36.9 292.8   5.0  -64.434 -31.608 999.0 999.0  7606.7  1.0  1.0  1.0  1.0  1.0 99.0
1319.3  390.0 -21.0 -50.2   5.4   34.0  -15.6  37.4 294.6   5.0  -64.425 -31.612 999.0 999.0  7701.7  1.0  1.0  1.0  1.0  1.0 99.0
1338.3  385.0 -21.8 -52.5   4.4   32.6  -16.6  36.6 297.0   5.0  -64.416 -31.615 999.0 999.0  7796.7  1.0  1.0  1.0  1.0  1.0 99.0
1357.3  380.0 -22.6 -53.1   4.4   32.3  -17.2  36.6 298.0   5.0  -64.408 -31.619 999.0 999.0  7891.7  1.0  1.0  1.0  1.0  1.0 99.0
1377.0  375.0 -23.4 -52.0   5.4   31.9  -17.7  36.5 299.0   5.0  -64.399 -31.623 999.0 999.0  7990.0  1.0  1.0  1.0  1.0  1.0 99.0
1396.3  370.0 -24.2 -52.8   5.3   31.7  -18.0  36.4 299.7   5.0  -64.392 -31.627 999.0 999.0  8086.7  1.0  1.0  1.0  1.0  1.0 99.0
1416.3  365.0 -25.0 -53.4   5.3   31.5  -17.5  36.0 299.1   5.0  -64.383 -31.631 999.0 999.0  8186.7  1.0  1.0  1.0  1.0  1.0 99.0
1436.3  360.0 -25.9 -54.0   5.3   32.0  -17.7  36.6 299.0   5.0  -64.374 -31.635 999.0 999.0  8286.7  1.0  1.0  1.0  1.0  1.0 99.0
1456.5  355.0 -26.8 -53.4   6.2   32.6  -17.3  36.9 298.0   5.0  -64.366 -31.639 999.0 999.0  8387.5  1.0  1.0  1.0  1.0  1.0 99.0
1477.0  350.0 -27.5 -54.0   6.2   33.1  -16.9  37.2 297.0   5.0  -64.358 -31.642 999.0 999.0  8490.0  1.0  1.0  1.0  1.0  1.0 99.0
1497.5  345.0 -28.3 -53.4   7.1   33.6  -16.4  37.4 296.0   5.0  -64.350 -31.646 999.0 999.0  8592.5  1.0  1.0  1.0  1.0  1.0 99.0
1518.5  340.0 -29.1 -54.0   7.1   33.7  -16.4  37.5 295.9   5.0  -64.342 -31.649 999.0 999.0  8697.5  1.0  1.0  1.0  1.0  1.0 99.0
1539.5  335.0 -29.9 -54.7   7.1   34.8  -16.3  38.4 295.0   5.0  -64.334 -31.652 999.0 999.0  8802.5  1.0  1.0  1.0  1.0  1.0 99.0
1561.0  330.0 -30.9 -54.5   8.0   35.8  -16.0  39.2 294.1   5.0  -64.327 -31.655 999.0 999.0  8910.0  1.0  1.0  1.0  1.0  1.0 99.0
1582.5  325.0 -31.9 -55.3   8.0   36.2  -14.6  39.1 292.0   5.0  -64.320 -31.657 999.0 999.0  9017.5  1.0  1.0  1.0  1.0  1.0 99.0
1604.5  320.0 -32.9 -55.1   9.0   36.4  -14.8  39.3 292.1   5.0  -64.313 -31.659 999.0 999.0  9127.5  1.0  1.0  1.0  1.0  1.0 99.0
1626.5  315.0 -33.8 -55.5   9.4   37.5  -13.1  39.7 289.2   5.0  -64.306 -31.661 999.0 999.0  9237.5  1.0  1.0  1.0  1.0  1.0 99.0
1649.0  310.0 -34.7 -55.9   9.8   38.3  -11.7  40.0 287.0   5.0  -64.298 -31.663 999.0 999.0  9350.0  1.0  1.0  1.0  1.0  1.0 99.0
1671.5  305.0 -35.8 -56.0  10.7   38.3  -11.7  40.0 287.0   5.0  -64.288 -31.666 999.0 999.0  9462.5  1.0  1.0  1.0  1.0  1.0 99.0
1694.5  300.0 -36.9 -56.2  11.7   38.3  -11.0  39.8 286.0   5.0  -64.279 -31.668 999.0 999.0  9577.5  1.0  1.0  1.0  1.0  1.0 99.0
1717.5  295.0 -38.0 -56.5  12.6   38.7  -10.3  40.0 284.8   5.0  -64.271 -31.670 999.0 999.0  9692.5  1.0  1.0  1.0  1.0  1.0 99.0
1741.0  290.0 -38.8 -56.1  14.3   39.9   -8.4  40.8 281.9   5.0  -64.262 -31.671 999.0 999.0  9810.0  1.0  1.0  1.0  1.0  1.0 99.0
1765.0  285.0 -39.4 -56.5  14.5   41.6   -7.0  42.2 279.6   5.0  -64.252 -31.673 999.0 999.0  9930.0  1.0  1.0  1.0  1.0  1.0 99.0
1789.0  280.0 -40.1 -59.1  11.3   40.3   -7.8  41.0 281.0   5.0  -64.240 -31.675 999.0 999.0 10050.0  1.0  1.0  1.0  1.0  1.0 99.0
1813.5  275.0 -41.1 -60.4  10.6   40.0   -7.8  40.8 281.0   5.0  -64.229 -31.677 999.0 999.0 10172.5  1.0  1.0  1.0  1.0  1.0 99.0
1838.5  270.0 -42.2 -60.7  11.5   40.7   -6.4  41.2 278.9   5.0  -64.216 -31.678 999.0 999.0 10297.5  1.0  1.0  1.0  1.0  1.0 99.0
1864.0  265.0 -43.0 -60.8  12.4   40.6   -5.7  41.0 278.0   5.0  -64.204 -31.680 999.0 999.0 10425.0  1.0  1.0  1.0  1.0  1.0 99.0
1889.5  260.0 -44.0 -61.6  12.4   39.5   -6.8  40.0 279.8   5.0  -64.191 -31.682 999.0 999.0 10552.5  1.0  1.0  1.0  1.0  1.0 99.0
1915.5  255.0 -45.1 -61.5  14.3   39.2   -6.9  39.8 280.0   5.0  -64.179 -31.683 999.0 999.0 10682.5  1.0  1.0  1.0  1.0  1.0 99.0
1942.0  250.0 -46.2 -61.9  15.2   39.1   -6.9  39.7 280.0   5.0  -64.167 -31.685 999.0 999.0 10815.0  1.0  1.0  1.0  1.0  1.0 99.0
1968.5  245.0 -47.3 -62.4  16.1   38.3   -7.6  39.1 281.1   5.0  -64.155 -31.687 999.0 999.0 10947.5  1.0  1.0  1.0  1.0  1.0 99.0
1995.5  240.0 -48.4 -63.3  16.1   37.8   -8.0  38.6 281.9   5.0  -64.143 -31.689 999.0 999.0 11082.5  1.0  1.0  1.0  1.0  1.0 99.0
2023.5  235.0 -49.4 -64.2  16.2   40.3   -7.9  41.1 281.1   5.0  -64.132 -31.691 999.0 999.0 11222.5  1.0  1.0  1.0  1.0  1.0 99.0
2051.5  230.0 -50.3 -63.9  18.7   43.6   -7.2  44.2 279.4   5.0  -64.121 -31.693 999.0 999.0 11362.5  1.0  1.0  1.0  1.0  1.0 99.0
2080.0  225.0 -51.2 -63.2  22.6   46.3   -7.3  46.9 279.0   5.0  -64.107 -31.694 999.0 999.0 11505.0  1.0  1.0  1.0  1.0  1.0 99.0
2109.0  220.0 -52.1 -63.3  24.7   47.8   -5.8  48.2 276.9   5.0  -64.088 -31.697 999.0 999.0 11650.0  1.0  1.0  1.0  1.0  1.0 99.0
2139.0  215.0 -52.2 -63.6  23.9   49.1   -4.3  49.3 275.0   5.0  -64.065 -31.698 999.0 999.0 11800.0  1.0  1.0  1.0  1.0  1.0 99.0
2169.5  210.0 -52.7 -63.8  25.0   49.7   -5.2  49.9 276.0   5.0  -64.038 -31.701 999.0 999.0 11952.5  1.0  1.0  1.0  1.0  1.0 99.0
2200.5  205.0 -53.5 -63.4  28.6   51.7   -7.3  52.2 278.0   5.0  -64.008 -31.704 999.0 999.0 12107.5  1.0  1.0  1.0  1.0  1.0 99.0
2232.0  200.0 -54.4 -63.9  30.0   51.9   -9.0  52.7 279.8   5.0  -63.987 -31.707 999.0 999.0 12265.0  1.0  1.0  1.0  1.0  1.0 99.0
2264.5  195.0 -54.6 -63.0  34.5   46.4  -11.6  47.8 284.0   5.0  -63.973 -31.709 999.0 999.0 12427.5  1.0  1.0  1.0  1.0  1.0 99.0
2297.5  190.0 -54.9 -64.3  30.2   45.5  -11.4  46.9 284.1   5.0  -63.961 -31.712 999.0 999.0 12592.5  1.0  1.0  1.0  1.0  1.0 99.0
2332.0  185.0 -55.1 -66.2  24.0   45.7   -8.4  46.5 280.4   5.0  -63.949 -31.714 999.0 999.0 12765.0  1.0  1.0  1.0  1.0  1.0 99.0
2367.0  180.0 -55.9 -67.8  21.2   43.7   -4.1  43.9 275.4   5.0  -63.939 -31.714 999.0 999.0 12940.0  1.0  1.0  1.0  1.0  1.0 99.0
2402.5  175.0 -56.7 -69.0  19.6   40.2    1.1  40.2 268.4   5.0  -63.929 -31.714 999.0 999.0 13117.5  1.0  1.0  1.0  1.0  1.0 99.0
2439.0  170.0 -57.8 -70.9  17.3   35.0    6.6  35.6 259.3   5.0  -63.920 -31.713 999.0 999.0 13300.0  1.0  1.0  1.0  1.0  1.0 99.0
2476.5  165.0 -59.2 -72.0  17.6   31.2    8.9  32.4 254.1   5.0  -63.912 -31.711 999.0 999.0 13487.5  1.0  1.0  1.0  1.0  1.0 99.0
2515.0  160.0 -61.0 -74.0  16.5   29.2    9.4  30.7 252.2   5.0  -63.903 -31.708 999.0 999.0 13680.0  1.0  1.0  1.0  1.0  1.0 99.0
2554.0  155.0 -62.5 -73.7  20.7   28.0   11.1  30.1 248.4   5.0  -63.896 -31.706 999.0 999.0 13875.0  1.0  1.0  1.0  1.0  1.0 99.0
2594.5  150.0 -64.0 -74.3  23.1   25.8   12.0  28.4 245.0   5.0  -63.889 -31.703 999.0 999.0 14077.5  1.0  1.0  1.0  1.0  1.0 99.0
2636.0  145.0 -65.8 -75.9  23.3   24.8   11.9  27.5 244.4   5.0  -63.883 -31.701 999.0 999.0 14285.0  1.0  1.0  1.0  1.0  1.0 99.0
2678.0  140.0 -67.2 -77.5  22.0   26.8    7.6  27.9 254.2   5.0  -63.876 -31.699 999.0 999.0 14495.0  1.0  1.0  1.0  1.0  1.0 99.0
2722.0  135.0 -67.6 -76.5  27.0   34.2    0.0  34.2 270.0   5.0  -63.864 -31.698 999.0 999.0 14715.0  1.0  1.0  1.0  1.0  1.0 99.0
2767.0  130.0 -68.2 -76.5  29.6   33.7    1.2  33.7 268.0   5.0  -63.848 -31.698 999.0 999.0 14940.0  1.0  1.0  1.0  1.0  1.0 99.0
2814.0  125.0 -69.5 -77.6  29.7   33.1    0.6  33.1 269.0   5.0  -63.835 -31.698 999.0 999.0 15175.0  1.0  1.0  1.0  1.0  1.0 99.0
2863.0  120.0 -71.4 -79.0  31.6   35.2    0.0  35.2 270.0   5.0  -63.822 -31.697 999.0 999.0 15420.0  1.0  1.0  1.0  1.0  1.0 99.0
2913.0  115.0 -73.4 -80.7  32.4   34.8   -1.8  34.8 273.0   5.0  -63.806 -31.698 999.0 999.0 15670.0  1.0  1.0  1.0  1.0  1.0 99.0
2965.0  110.0 -72.4 -80.1  30.5   33.4   -2.3  33.5 273.9   5.0  -63.785 -31.699 999.0 999.0 15930.0  1.0  1.0  1.0  1.0  1.0 99.0