 Time  Press  Temp  Dewpt  RH    Ucmp   Vcmp   spd   dir   Wcmp     Lon     Lat   Ele   Azi    Alt    Qp   Qt   Qrh  Qu   Qv   QdZ
  sec    mb     C     C     %     m/s    m/s   m/s   deg   m/s      deg     deg   deg   deg     m    code code code code code code
------ ------ ----- ----- ----- ------ ------ ----- ----- ----- -------- ------- ----- ----- ------- ---- ---- ---- ---- ---- ----
   0.0  968.2  22.2  17.6  75.4    0.9    0.5   1.0 241.9 999.0  -63.878 -31.328 999.0 999.0   328.4  3.0  3.0  3.0  1.0  1.0  9.0
   6.4  965.0  20.4  18.1  86.6    1.2    1.1   1.7 226.5   5.0  -63.878 -31.328 999.0 999.0   357.0  1.0  2.0  2.0  1.0  1.0 99.0
  15.4  960.0  20.3  19.4  94.9    1.7    2.1   2.8 219.1   5.0  -63.878 -31.328 999.0 999.0   402.0  1.0  1.0  1.0  1.0  1.0 99.0
  24.5  955.0  20.1  19.4  96.0    2.2    3.1   3.8 215.8   5.0  -63.878 -31.328 999.0 999.0   447.5  1.0  1.0  1.0  1.0  1.0 99.0
  33.6  950.0  19.9  19.4  97.0    2.5    4.0   4.7 212.3   5.0  -63.878 -31.327 999.0 999.0   493.0  1.0  1.0  1.0  1.0  1.0 99.0
  42.7  945.0  19.8  19.3  97.1    1.6    4.6   4.8 199.7   5.0  -63.877 -31.327 999.0 999.0   538.3  1.0  1.0  1.0  1.0  1.0 99.0
  51.8  940.0  19.6  19.1  97.1    0.6    4.9   4.9 187.2   5.0  -63.877 -31.326 999.0 999.0   584.2  1.0  1.0  1.0  1.0  1.0 99.0
  61.2  935.0  19.4  19.1  98.0   -0.4    5.1   5.1 175.3   5.0  -63.878 -31.326 999.0 999.0   630.8  1.0  1.0  1.0  1.0  1.0 99.0
  70.4  930.0  19.3  18.9  98.0   -1.2    4.9   5.1 165.8   5.0  -63.878 -31.326 999.0 999.0   677.0  1.0  1.0  1.0  1.0  1.0 99.0
  79.7  925.0  19.1  18.8  98.0   -1.9    4.6   5.0 158.1   5.0  -63.878 -31.325 999.0 999.0   723.3  1.0  1.0  1.0  1.0  1.0 99.0
  89.0  920.0  19.0  18.7  98.0   -2.4    4.3   4.9 150.8   5.0  -63.878 -31.325 999.0 999.0   770.0  1.0  1.0  1.0  1.0  1.0 99.0
  98.4  915.0  18.8  18.5  98.0   -3.2    3.9   5.1 140.3   5.0  -63.879 -31.325 999.0 999.0   817.0  1.0  1.0  1.0  1.0  1.0 99.0
 107.8  910.0  18.6  18.3  98.0   -4.6    3.2   5.6 125.2   5.0  -63.879 -31.325 999.0 999.0   864.2  1.0  1.0  1.0  1.0  1.0 99.0
 117.4  905.0  18.4  18.1  98.0   -5.4    2.6   6.0 115.4   5.0  -63.880 -31.324 999.0 999.0   912.0  1.0  1.0  1.0  1.0  1.0 99.0
 127.0  900.0  18.2  17.9  98.0   -5.4    2.2   5.8 112.2   5.0  -63.880 -31.324 999.0 999.0   960.0  1.0  1.0  1.0  1.0  1.0 99.0
 136.5  895.0  18.0  17.7  98.0   -5.4    1.8   5.7 108.4   5.0  -63.881 -31.324 999.0 999.0  1007.5  1.0  1.0  1.0  1.0  1.0 99.0
 146.2  890.0  17.8  17.5  98.1   -5.8    1.8   6.1 107.2   5.0  -63.881 -31.324 999.0 999.0  1055.8  1.0  1.0  1.0  1.0  1.0 99.0
 155.8  885.0  17.6  17.3  98.0   -6.2    1.7   6.4 105.3   5.0  -63.882 -31.324 999.0 999.0  1104.0  1.0  1.0  1.0  1.0  1.0 99.0
 165.6  880.0  17.4  17.1  98.0   -6.2    1.3   6.3 102.2   5.0  -63.883 -31.324 999.0 999.0  1153.0  1.0  1.0  1.0  1.0  1.0 99.0
 175.3  875.0  17.3  17.0  98.1   -6.1    1.0   6.2  99.0   5.0  -63.883 -31.324 999.0 999.0  1201.7  1.0  1.0  1.0  1.0  1.0 99.0
 185.2  870.0  17.2  16.9  98.0   -6.1    0.8   6.2  97.3   5.0  -63.884 -31.324 999.0 999.0  1250.8  1.0  1.0  1.0  1.0  1.0 99.0
 195.0  865.0  17.8  17.7  99.1   -6.0    0.6   6.0  95.7   5.0  -63.885 -31.324 999.0 999.0  1300.0  1.0  1.0  1.0  1.0  1.0 99.0
 205.0  860.0  18.0  17.9  99.2   -5.9   -0.5   5.9  85.2   5.0  -63.885 -31.324 999.0 999.0  1350.0  1.0  1.0  1.0  1.0  1.0 99.0
 215.0  855.0  18.1  18.1 100.0   -5.5   -1.7   5.8  72.8   5.0  -63.886 -31.324 999.0 999.0  1400.0  1.0  1.0  1.0  1.0  1.0 99.0
 225.2  850.0  17.9  17.8  99.3   -5.0   -2.3   5.5  65.1   5.0  -63.886 -31.324 999.0 999.0  1451.0  1.0  1.0  1.0  1.0  1.0 99.0
 235.2  845.0  17.7  17.5  99.0   -4.5   -2.8   5.3  58.0   5.0  -63.887 -31.324 999.0 999.0  1501.0  1.0  1.0  1.0  1.0  1.0 99.0
 245.4  840.0  17.6  17.4  99.0   -3.7   -2.6   4.5  54.6   5.0  -63.887 -31.325 999.0 999.0  1552.0  1.0  1.0  1.0  1.0  1.0 99.0
 255.6  835.0  17.5  17.5 100.0   -2.9   -2.2   3.7  52.3   5.0  -63.888 -31.325 999.0 999.0  1603.0  1.0  1.0  1.0  1.0  1.0 99.0
 266.0  830.0  17.3  17.3 100.0   -2.2   -1.8   2.8  50.7   5.0  -63.888 -31.325 999.0 999.0  1655.0  1.0  1.0  1.0  1.0  1.0 99.0
 276.4  825.0  17.1  17.0  99.3   -1.7   -2.5   3.0  33.2   5.0  -63.888 -31.325 999.0 999.0  1707.0  1.0  1.0  1.0  1.0  1.0 99.0
 286.8  820.0  17.0  16.8  99.0   -1.1   -3.4   3.6  18.0   5.0  -63.888 -31.326 999.0 999.0  1759.0  1.0  1.0  1.0  1.0  1.0 99.0
 297.3  815.0  17.0  17.0 100.0   -1.4   -4.5   4.7  17.5   5.0  -63.888 -31.326 999.0 999.0  1811.3  1.0  1.0  1.0  1.0  1.0 99.0
 307.8  810.0  16.7  16.7  99.9   -2.0   -5.7   6.0  19.1   5.0  -63.889 -31.327 999.0 999.0  1864.0  1.0  1.0  1.0  1.0  1.0 99.0
 318.4  805.0  16.6  16.5  99.1   -3.8   -6.8   7.8  29.1   5.0  -63.889 -31.327 999.0 999.0  1917.0  1.0  1.0  1.0  1.0  1.0 99.0
 329.0  800.0  16.7  16.6  99.1   -5.1   -8.0   9.5  32.5   5.0  -63.890 -31.328 999.0 999.0  1970.0  1.0  1.0  1.0  1.0  1.0 99.0
 339.8  795.0  16.6  16.6 100.0   -5.1   -9.8  11.0  27.6   5.0  -63.890 -31.329 999.0 999.0  2024.0  1.0  1.0  1.0  1.0  1.0 99.0
 350.6  790.0  16.3  16.2  99.2   -4.9  -11.2  12.2  23.9   5.0  -63.891 -31.330 999.0 999.0  2078.0  1.0  1.0  1.0  1.0  1.0 99.0
 361.4  785.0  16.1  15.9  99.0   -4.3  -11.9  12.6  19.7   5.0  -63.891 -31.332 999.0 999.0  2132.0  1.0  1.0  1.0  1.0  1.0 99.0
 372.4  780.0  15.9  15.7  99.0   -3.5  -12.4  12.9  15.6   5.0  -63.891 -31.333 999.0 999.0  2187.0  1.0  1.0  1.0  1.0  1.0 99.0
 383.4  775.0  15.7  15.5  99.1   -2.4  -12.5  12.7  10.7   5.0  -63.892 -31.334 999.0 999.0  2242.0  1.0  1.0  1.0  1.0  1.0 99.0
 394.4  770.0  15.3  15.2  99.4   -2.3  -13.3  13.5   9.8   5.0  -63.892 -31.336 999.0 999.0  2297.0  1.0  1.0  1.0  1.0  1.0 99.0
 405.5  765.0  14.9  14.6  98.5   -2.3  -14.5  14.6   9.0   5.0  -63.892 -31.337 999.0 999.0  2352.5  1.0  1.0  1.0  1.0  1.0 99.0
 416.6  760.0  14.4  13.9  97.0   -2.3  -15.9  16.1   8.4   5.0  -63.893 -31.339 999.0 999.0  2408.0  1.0  1.0  1.0  1.0  1.0 99.0
 427.8  755.0  14.0  13.4  96.0   -2.4  -17.1  17.3   8.0   5.0  -63.893 -31.341 999.0 999.0  2464.0  1.0  1.0  1.0  1.0  1.0 99.0
 439.0  750.0  13.9  13.4  97.1   -2.2  -17.9  18.0   7.0   5.0  -63.893 -31.343 999.0 999.0  2520.0  1.0  1.0  1.0  1.0  1.0 99.0
 450.4  745.0  13.6  13.1  97.0   -2.5  -18.0  18.2   7.9   5.0  -63.893 -31.345 999.0 999.0  2577.0  1.0  1.0  1.0  1.0  1.0 99.0
 461.7  740.0  13.2  12.7  97.0   -2.8  -17.8  18.0   8.9   5.0  -63.894 -31.347 999.0 999.0  2633.7  1.0  1.0  1.0  1.0  1.0 99.0
 473.3  735.0  12.8  12.2  96.1   -2.1  -17.9  18.0   6.6   5.0  -63.894 -31.348 999.0 999.0  2691.3  1.0  1.0  1.0  1.0  1.0 99.0
 484.7  730.0  12.3  11.7  96.1   -1.2  -17.9  17.9   3.8   5.0  -63.894 -31.350 999.0 999.0  2748.7  1.0  1.0  1.0  1.0  1.0 99.0
 496.3  725.0  11.9  11.2  95.9   -1.2  -17.8  17.8   3.9   5.0  -63.894 -31.352 999.0 999.0  2806.3  1.0  1.0  1.0  1.0  1.0 99.0
 508.0  720.0  11.0  10.1  93.9   -0.9  -17.5  17.5   2.9   5.0  -63.894 -31.353 999.0 999.0  2865.0  1.0  1.0  1.0  1.0  1.0 99.0
 519.5  715.0  10.8   9.7  93.2   -0.7  -16.9  16.9   2.4   5.0  -63.894 -31.355 999.0 999.0  2922.5  1.0  1.0  1.0  1.0  1.0 99.0
 531.3  710.0  10.1   9.0  93.2   -0.6  -16.2  16.2   2.1   5.0  -63.894 -31.356 999.0 999.0  2981.3  1.0  1.0  1.0  1.0  1.0 99.0
 543.0  705.0   9.1   7.8  91.4   -0.5  -15.5  15.5   1.8   5.0  -63.895 -31.358 999.0 999.0  3040.0  1.0  1.0  1.0  1.0  1.0 99.0
 554.8  700.0   8.2   6.3  87.9   -0.8  -14.7  14.7   3.1   5.0  -63.895 -31.359 999.0 999.0  3099.0  1.0  1.0  1.0  1.0  1.0 99.0
 566.7  695.0   8.0   6.1  87.9   -0.7  -13.6  13.6   2.9   5.0  -63.895 -31.360 999.0 999.0  3158.7  1.0  1.0  1.0  1.0  1.0 99.0
 578.7  690.0   7.7   6.0  89.1   -0.1  -12.4  12.4   0.6   5.0  -63.895 -31.362 999.0 999.0  3218.7  1.0  1.0  1.0  1.0  1.0 99.0
 590.7  685.0   7.5   5.6  88.0    0.8  -11.1  11.2 356.0   5.0  -63.895 -31.363 999.0 999.0  3278.7  1.0  1.0  1.0  1.0  1.0 99.0
 602.7  680.0   7.5   5.3  86.1    1.1  -10.6  10.7 354.1   5.0  -63.894 -31.364 999.0 999.0  3338.7  1.0  1.0  1.0  1.0  1.0 99.0
 615.0  675.0   7.4   4.9  84.1    1.7   -9.8   9.9 350.2   5.0  -63.894 -31.366 999.0 999.0  3400.0  1.0  1.0  1.0  1.0  1.0 99.0
 627.3  670.0   7.1   4.6  84.1    2.0   -9.5   9.7 348.1   5.0  -63.894 -31.367 999.0 999.0  3461.3  1.0  1.0  1.0  1.0  1.0 99.0
 639.5  665.0   6.8   4.3  83.9    2.2  -10.0  10.2 347.5   5.0  -63.893 -31.369 999.0 999.0  3522.5  1.0  1.0  1.0  1.0  1.0 99.0
 652.0  660.0   6.7   3.5  79.9    1.8  -10.7  10.9 350.5   5.0  -63.893 -31.370 999.0 999.0  3585.0  1.0  1.0  1.0  1.0  1.0 99.0
 664.5  655.0   6.7   2.0  72.0    1.2  -10.6  10.6 353.8   5.0  -63.893 -31.371 999.0 999.0  3647.5  1.0  1.0  1.0  1.0  1.0 99.0
 677.0  650.0   6.4   1.2  69.2    0.4   -9.8   9.8 357.7   5.0  -63.893 -31.372 999.0 999.0  3710.0  1.0  1.0  1.0  1.0  1.0 99.0
 689.7  645.0   6.0   0.9  69.6    2.2   -8.8   9.1 345.7   5.0  -63.892 -31.373 999.0 999.0  3773.7  1.0  1.0  1.0  1.0  1.0 99.0
 702.5  640.0   5.9   0.7  69.2    4.2   -7.7   8.7 331.7   5.0  -63.892 -31.374 999.0 999.0  3837.5  1.0  1.0  1.0  1.0  1.0 99.0
 715.5  635.0   6.1   0.7  68.1    6.0   -7.7   9.7 322.1   5.0  -63.890 -31.376 999.0 999.0  3902.5  1.0  1.0  1.0  1.0  1.0 99.0
 728.3  630.0   5.4  -0.2  67.1    6.2   -8.7  10.7 324.4   5.0  -63.887 -31.379 999.0 999.0  3966.7  1.0  1.0  1.0  1.0  1.0 99.0
 741.5  625.0   5.5  -0.5  65.1    6.0   -7.9   9.9 322.6   5.0  -63.885 -31.382 999.0 999.0  4032.5  1.0  1.0  1.0  1.0  1.0 99.0
 754.5  620.0   5.2  -1.2  63.1    5.6   -8.0   9.7 325.1   5.0  -63.884 -31.383 999.0 999.0  4097.5  1.0  1.0  1.0  1.0  1.0 99.0
 767.7  615.0   4.8  -1.8  62.0    4.7   -8.8  10.0 331.8   5.0  -63.883 -31.384 999.0 999.0  4163.8  1.0  1.0  1.0  1.0  1.0 99.0
 781.0  610.0   4.3  -2.3  62.1    4.4   -8.7   9.7 333.2   5.0  -63.882 -31.386 999.0 999.0  4230.0  1.0  1.0  1.0  1.0  1.0 99.0
 794.5  605.0   3.7  -2.5  63.9    4.5   -6.9   8.2 327.0   5.0  -63.882 -31.387 999.0 999.0  4297.5  1.0  1.0  1.0  1.0  1.0 99.0
 808.0  600.0   2.9  -3.1  64.9    4.1   -5.5   6.9 323.3   5.0  -63.881 -31.388 999.0 999.0  4365.0  1.0  1.0  1.0  1.0  1.0 99.0
 821.5  595.0   2.3  -3.2  66.9    4.9   -6.1   7.8 321.2   5.0  -63.880 -31.389 999.0 999.0  4432.5  1.0  1.0  1.0  1.0  1.0 99.0
 835.3  590.0   1.8  -3.6  67.5    6.4   -7.0   9.5 317.6   5.0  -63.879 -31.389 999.0 999.0  4501.3  1.0  1.0  1.0  1.0  1.0 99.0
 849.0  585.0   1.1  -4.0  69.0    7.7   -7.8  11.0 315.4   5.0  -63.878 -31.390 999.0 999.0  4570.0  1.0  1.0  1.0  1.0  1.0 99.0
 862.7  580.0   0.3  -4.2  71.6    7.1   -7.8  10.6 317.6   5.0  -63.877 -31.391 999.0 999.0  4638.3  1.0  1.0  1.0  1.0  1.0 99.0
 876.5  575.0  -0.4  -4.3  74.6    7.1   -7.6  10.4 316.9   5.0  -63.876 -31.392 999.0 999.0  4707.5  1.0  1.0  1.0  1.0  1.0 99.0
 890.5  570.0  -1.0  -4.3  78.1    7.1   -7.4  10.2 316.0   5.0  -63.875 -31.393 999.0 999.0  4777.5  1.0  1.0  1.0  1.0  1.0 99.0
 904.7  565.0  -1.7  -4.4  81.7    6.5   -6.9   9.5 316.7   5.0  -63.874 -31.394 999.0 999.0  4848.3  1.0  1.0  1.0  1.0  1.0 99.0
 918.7  560.0  -2.4  -4.4  86.1    5.8   -6.9   9.0 319.7   5.0  -63.874 -31.394 999.0 999.0  4918.8  1.0  1.0  1.0  1.0  1.0 99.0
 933.0  555.0  -3.1  -4.6  89.6    5.0   -7.3   8.8 325.6   5.0  -63.873 -31.395 999.0 999.0  4990.0  1.0  1.0  1.0  1.0  1.0 99.0
 947.3  550.0  -3.7  -5.0  91.0    5.2   -7.3   9.0 324.5   5.0  -63.872 -31.396 999.0 999.0  5061.7  1.0  1.0  1.0  1.0  1.0 99.0
 961.7  545.0  -4.4  -5.3  93.4    5.6   -7.3   9.2 322.5   5.0  -63.871 -31.397 999.0 999.0  5133.8  1.0  1.0  1.0  1.0  1.0 99.0
 976.3  540.0  -5.0  -5.7  95.3    5.4   -7.7   9.4 325.1   5.0  -63.871 -31.398 999.0 999.0  5206.7  1.0  1.0  1.0  1.0  1.0 99.0
 991.0  535.0  -5.6  -6.3  94.9    5.4   -8.2   9.8 326.6   5.0  -63.870 -31.399 999.0 999.0  5280.0  1.0  1.0  1.0  1.0  1.0 99.0
1005.7  530.0  -6.0  -6.9  93.2    5.5   -8.8  10.4 328.0   5.0  -63.869 -31.400 999.0 999.0  5353.3  1.0  1.0  1.0  1.0  1.0 99.0
1020.5  525.0  -6.5  -7.0  95.9    5.6   -9.7  11.2 330.0   5.0  -63.868 -31.401 999.0 999.0  5427.5  1.0  1.0  1.0  1.0  1.0 99.0
1035.5  520.0  -6.7  -7.3  95.6    6.4  -10.1  12.0 327.6   5.0  -63.867 -31.403 999.0 999.0  5502.5  1.0  1.0  1.0  1.0  1.0 99.0
1050.7  515.0  -7.1  -8.3  91.4    6.8  -10.8  12.8 327.8   5.0  -63.866 -31.404 999.0 999.0  5578.3  1.0  1.0  1.0  1.0  1.0 99.0
1065.8  510.0  -7.5  -9.1  87.8    6.6  -11.8  13.5 330.9   5.0  -63.865 -31.406 999.0 999.0  5653.8  1.0  1.0  1.0  1.0  1.0 99.0
1081.0  505.0  -7.6  -9.1  88.9    8.7  -11.4  14.3 322.7   5.0  -63.864 -31.407 999.0 999.0  5730.0  1.0  1.0  1.0  1.0  1.0 99.0
1096.7  500.0  -7.7  -9.2  89.0   11.7  -12.1  16.8 315.8   5.0  -63.862 -31.409 999.0 999.0  5808.3  1.0  1.0  1.0  1.0  1.0 99.0
1112.3  495.0  -8.2  -9.9  87.8   14.7  -13.7  20.1 313.0   5.0  -63.859 -31.411 999.0 999.0  5886.7  1.0  1.0  1.0  1.0  1.0 99.0
1128.0  490.0  -8.6 -10.4  86.7   16.7  -15.6  22.9 313.0   5.0  -63.857 -31.413 999.0 999.0  5965.0  1.0  1.0  1.0  1.0  1.0 99.0
1144.0  485.0  -9.0 -10.9  85.9   18.1  -18.1  25.6 315.0   5.0  -63.853 -31.416 999.0 999.0  6045.0  1.0  1.0  1.0  1.0  1.0 99.0
1160.0  480.0  -9.5 -11.6  84.9   18.2  -17.0  24.9 313.0   5.0  -63.849 -31.419 999.0 999.0  6125.0  1.0  1.0  1.0  1.0  1.0 99.0
1176.3  475.0  -9.9 -12.0  84.9   18.7  -16.8  25.2 312.0   5.0  -63.846 -31.422 999.0 999.0  6206.7  1.0  1.0  1.0  1.0  1.0 99.0
1192.7  470.0 -10.3 -12.3  84.8   19.5  -16.4  25.5 310.1   5.0  -63.841 -31.425 999.0 999.0  6288.3  1.0  1.0  1.0  1.0  1.0 99.0
1209.0  465.0 -10.4 -13.3  79.5   22.9  -15.1  27.4 303.4   5.0  -63.836 -31.428 999.0 999.0  6370.0  1.0  1.0  1.0  1.0  1.0 99.0
1225.7  460.0 -10.4 -15.2  67.8   24.2  -15.1  28.5 302.0   5.0  -63.829 -31.432 999.0 999.0  6453.3  1.0  1.0  1.0  1.0  1.0 99.0
1242.3  455.0 -11.2 -16.6  64.6   24.9  -15.5  29.3 302.0   5.0  -63.823 -31.435 999.0 999.0  6536.7  1.0  1.0  1.0  1.0  1.0 99.0
1259.3  450.0 -11.9 -17.1  65.0   26.6  -16.9  31.6 302.4   5.0  -63.815 -31.439 999.0 999.0  6621.7  1.0  1.0  1.0  1.0  1.0 99.0
1276.5  445.0 -12.3 -19.2  56.4   28.0  -15.5  32.0 299.0   5.0  -63.807 -31.443 999.0 999.0  6707.5  1.0  1.0  1.0  1.0  1.0 99.0
1293.7  440.0 -12.9 -21.3  49.4   28.9  -16.0  33.0 299.0   5.0  -63.798 -31.447 999.0 999.0  6793.3  1.0  1.0  1.0  1.0  1.0 99.0
1311.0  435.0 -13.4 -22.7  45.4   29.4  -17.0  34.0 300.0   5.0  -63.789 -31.452 999.0 999.0  6880.0  1.0  1.0  1.0  1.0  1.0 99.0
1328.7  430.0 -14.2 -23.4  45.7   30.0  -16.8  34.4 299.3   5.0  -63.781 -31.456 999.0 999.0  6968.3  1.0  1.0  1.0  1.0  1.0 99.0
1346.5  425.0 -14.9 -23.4  48.2   30.6  -17.0  35.0 299.1   5.0  -63.773 -31.459 999.0 999.0  7057.5  1.0  1.0  1.0  1.0  1.0 99.0
1364.3  420.0 -15.2 -21.1  60.8   30.3  -18.2  35.3 301.0   5.0  -63.766 -31.463 999.0 999.0  7146.7  1.0  1.0  1.0  1.0  1.0 99.0
1382.3  415.0 -15.9 -20.1  70.4   27.4  -21.4  34.8 307.9   5.0  -63.761 -31.466 999.0 999.0  7236.7  1.0  1.0  1.0  1.0  1.0 99.0
1400.7  410.0 -16.7 -20.4  72.6   26.3  -22.1  34.4 310.0   5.0  -63.755 -31.470 999.0 999.0  7328.3  1.0  1.0  1.0  1.0  1.0 99.0
1419.0  405.0 -17.2 -21.1  71.6   27.0  -21.9  34.8 309.0   5.0  -63.750 -31.474 999.0 999.0  7420.0  1.0  1.0  1.0  1.0  1.0 99.0
1437.7  400.0 -17.8 -22.4  67.4   27.1  -21.9  34.8 309.0   5.0  -63.743 -31.479 999.0 999.0  7513.3  1.0  1.0  1.0  1.0  1.0 99.0
1456.5  395.0 -18.3 -24.2  59.8   27.6  -22.3  35.5 308.9   5.0  -63.737 -31.484 999.0 999.0  7607.5  1.0  1.0  1.0  1.0  1.0 99.0
1475.5  390.0 -19.0 -25.6  55.8   27.5  -22.3  35.4 309.0   5.0  -63.731 -31.488 999.0 999.0  7702.5  1.0  1.0  1.0  1.0  1.0 99.0
1494.7  385.0 -20.0 -26.8  54.4   28.1  -22.3  35.8 308.4   5.0  -63.724 -31.492 999.0 999.0  7798.3  1.0  1.0  1.0  1.0  1.0 99.0
1514.0  380.0 -20.9 -26.4  61.3   28.3  -21.9  35.8 307.7   5.0  -63.713 -31.499 999.0 999.0  7895.0  1.0  1.0  1.0  1.0  1.0 99.0
1533.7  375.0 -21.6 -26.0  67.4   28.7  -20.9  35.5 306.1   5.0  -63.701 -31.507 999.0 999.0  7993.3  1.0  1.0  1.0  1.0  1.0 99.0
1553.3  370.0 -21.9 -26.0  69.3   27.5  -21.2  34.8 307.6   5.0  -63.691 -31.513 999.0 999.0  8091.7  1.0  1.0  1.0  1.0  1.0 99.0
1573.3  365.0 -22.5 -26.4  70.4   27.0  -21.3  34.4 308.2   5.0  -63.682 -31.519 999.0 999.0  8191.7  1.0  1.0  1.0  1.0  1.0 99.0
1593.5  360.0 -23.1 -27.2  69.4   27.3  -20.6  34.2 307.0   5.0  -63.674 -31.524 999.0 999.0  8292.5  1.0  1.0  1.0  1.0  1.0 99.0
1614.0  355.0 -23.4 -29.2  58.7   27.8  -20.9  34.8 306.9   5.0  -63.667 -31.529 999.0 999.0  8395.0  1.0  1.0  1.0  1.0  1.0 99.0
1635.0  350.0 -24.2 -35.2  35.6   28.3  -20.5  34.9 305.9   5.0  -63.660 -31.533 999.0 999.0  8500.0  1.0  1.0  1.0  1.0  1.0 99.0
1655.7  345.0 -25.3 -37.2  31.8   28.8  -20.0  35.1 304.8   5.0  -63.653 -31.537 999.0 999.0  8603.3  1.0  1.0  1.0  1.0  1.0 99.0
1677.0  340.0 -26.2 -38.4  30.8   29.1  -18.4  34.4 302.3   5.0  -63.646 -31.541 999.0 999.0  8710.0  1.0  1.0  1.0  1.0  1.0 99.0
1698.3  335.0 -27.0 -38.4  33.2   29.0  -17.5  33.8 301.1   5.0  -63.639 -31.545 999.0 999.0  8816.7  1.0  1.0  1.0  1.0  1.0 99.0
1720.0  330.0 -27.8 -36.9  41.5   29.4  -17.0  34.0 300.0   5.0  -63.633 -31.548 999.0 999.0  8925.0  1.0  1.0  1.0  1.0  1.0 99.0
1742.0  325.0 -28.7 -36.5  47.1   30.4  -16.5  34.6 298.5   5.0  -63.626 -31.551 999.0 999.0  9035.0  1.0  1.0  1.0  1.0  1.0 99.0
1764.0  320.0 -29.6 -36.5  50.9   31.0  -15.0  34.4 295.8   5.0  -63.619 -31.554 999.0 999.0  9145.0  1.0  1.0  1.0  1.0  1.0 99.0
1786.5  315.0 -30.7 -37.4  51.8   31.0  -14.5  34.2 295.1   5.0  -63.613 -31.557 999.0 999.0  9257.5  1.0  1.0  1.0  1.0  1.0 99.0
1809.0  310.0 -31.8 -38.2  52.9   30.9  -15.1  34.4 296.0   5.0  -63.607 -31.559 999.0 999.0  9370.0  1.0  1.0  1.0  1.0  1.0 99.0
1832.0  305.0 -33.0 -38.9  55.3   30.6  -15.5  34.3 296.9   5.0  -63.601 -31.561 999.0 999.0  9485.0  1.0  1.0  1.0  1.0  1.0 99.0
1855.0  300.0 -34.0 -39.4  58.2   30.3  -16.1  34.3 298.0   5.0  -63.595 -31.564 999.0 999.0  9600.0  1.0  1.0  1.0  1.0  1.0 99.0
1878.5  295.0 -34.8 -39.3  63.3   30.7  -16.3  34.7 298.0   5.0  -63.588 -31.567 999.0 999.0  9717.5  1.0  1.0  1.0  1.0  1.0 99.0
1902.5  290.0 -35.6 -39.6  66.0   31.3  -16.0  35.2 297.1   5.0  -63.582 -31.570 999.0 999.0  9837.5  1.0  1.0  1.0  1.0  1.0 99.0
1926.5  285.0 -36.6 -40.6  65.9   32.0  -15.6  35.6 296.0   5.0  -63.575 -31.573 999.0 999.0  9957.5  1.0  1.0  1.0  1.0  1.0 99.0
1951.0  280.0 -37.6 -41.6  65.9   32.3  -15.7  35.9 295.9   5.0  -63.568 -31.576 999.0 999.0 10080.0  1.0  1.0  1.0  1.0  1.0 99.0
1976.0  275.0 -38.7 -42.7  65.9   32.4  -16.5  36.4 297.0   5.0  -63.561 -31.579 999.0 999.0 10205.0  1.0  1.0  1.0  1.0  1.0 99.0
2001.0  270.0 -39.8 -43.9  64.7   32.7  -16.7  36.7 297.1   5.0  -63.555 -31.581 999.0 999.0 10330.0  1.0  1.0  1.0  1.0  1.0 99.0
2026.5  265.0 -41.0 -44.9  65.8   32.2  -17.5  36.6 298.6   5.0  -63.549 -31.584 999.0 999.0 10457.5  1.0  1.0  1.0  1.0  1.0 99.0
2052.5  260.0 -42.1 -46.0  65.7   30.5  -19.3  36.1 302.3   5.0  -63.543 -31.587 999.0 999.0 10587.5  1.0  1.0  1.0  1.0  1.0 99.0
2078.5  255.0 -43.3 -47.1  65.7   28.9  -21.0  35.7 306.0   5.0  -63.537 -31.591 999.0 999.0 10717.5  1.0  1.0  1.0  1.0  1.0 99.0
2105.0  250.0 -44.5 -48.4  64.6   29.0  -21.0  35.8 305.9   5.0  -63.532 -31.594 999.0 999.0 10850.0  1.0  1.0  1.0  1.0  1.0 99.0
2132.0  245.0 -45.6 -49.6  63.6   28.5  -20.7  35.2 306.0   5.0  -63.527 -31.597 999.0 999.0 10985.0  1.0  1.0  1.0  1.0  1.0 99.0
2159.5  240.0 -46.6 -50.6  63.5   28.3  -21.3  35.4 307.0   5.0  -63.522 -31.601 999.0 999.0 11122.5  1.0  1.0  1.0  1.0  1.0 99.0
2187.5  235.0 -47.5 -51.5  63.5   28.2  -21.2  35.3 306.9   5.0  -63.516 -31.604 999.0 999.0 11262.5  1.0  1.0  1.0  1.0  1.0 99.0
2216.0  230.0 -48.2 -52.1  63.5   28.6  -21.0  35.5 306.3   5.0  -63.510 -31.608 999.0 999.0 11405.0  1.0  1.0  1.0  1.0  1.0 99.0
2244.5  225.0 -49.0 -53.1  62.3   29.5  -21.4  36.4 306.0   5.0  -63.503 -31.612 999.0 999.0 11547.5  1.0  1.0  1.0  1.0  1.0 99.0
2274.0  220.0 -50.0 -54.0  62.4   31.4  -22.0  38.3 305.0   5.0  -63.496 -31.616 999.0 999.0 11695.0  1.0  1.0  1.0  1.0  1.0 99.0
2304.0  215.0 -50.8 -54.9  61.8   32.8  -23.9  40.6 306.1   5.0  -63.489 -31.621 999.0 999.0 11845.0  1.0  1.0  1.0  1.0  1.0 99.0
2334.5  210.0 -51.5 -55.5  61.5   33.9  -25.7  42.5 307.1   5.0  -63.480 -31.626 999.0 999.0 11997.5  1.0  1.0  1.0  1.0  1.0 99.0
2366.0  205.0 -52.5 -56.4  62.2   35.5  -23.5  42.6 303.5   5.0  -63.471 -31.631 999.0 999.0 12155.0  1.0  1.0  1.0  1.0  1.0 99.0
2397.5  200.0 -53.8 -57.9  61.1   37.2  -23.2  43.8 302.0   5.0  -63.463 -31.636 999.0 999.0 12312.5  1.0  1.0  1.0  1.0  1.0 99.0
2430.0  195.0 -55.0 -59.0  60.9   40.0  -22.3  45.8 299.1   5.0  -63.451 -31.641 999.0 999.0 12475.0  1.0  1.0  1.0  1.0  1.0 99.0
2463.0  190.0 -55.3 -59.4  60.1   43.7  -18.8  47.6 293.3   5.0  -63.435 -31.648 999.0 999.0 12640.0  1.0  1.0  1.0  1.0  1.0 99.0
2497.0  185.0 -55.6 -59.7  60.0   45.7  -17.0  48.8 290.4   5.0  -63.414 -31.654 999.0 999.0 12810.0  1.0  1.0  1.0  1.0  1.0 99.0
2532.0  180.0 -56.8 -60.8  60.0   46.7  -15.2  49.1 288.0   5.0  -63.394 -31.660 999.0 999.0 12985.0  1.0  1.0  1.0  1.0  1.0 99.0
2567.5  175.0 -57.6 -61.8  58.9   46.1  -16.8  49.0 290.0   5.0  -63.372 -31.667 999.0 999.0 13162.5  1.0  1.0  1.0  1.0  1.0 99.0
2604.0  170.0 -58.3 -62.7  56.7   44.6  -18.0  48.1 292.0   5.0  -63.351 -31.674 999.0 999.0 13345.0  1.0  1.0  1.0  1.0  1.0 99.0
2641.5  165.0 -59.6 -64.4  53.6   42.1  -16.2  45.1 291.0   5.0  -63.338 -31.678 999.0 999.0 13532.5  1.0  1.0  1.0  1.0  1.0 99.0
2680.0  160.0 -60.7 -65.6  52.2   36.7  -11.3  38.4 287.1   5.0  -63.328 -31.681 999.0 999.0 13725.0  1.0  1.0  1.0  1.0  1.0 99.0
2719.0  155.0 -61.4 -66.2  52.4   29.1   -9.8  30.7 288.6   5.0  -63.320 -31.683 999.0 999.0 13920.0  1.0  1.0  1.0  1.0  1.0 99.0
2760.0  150.0 -62.2 -66.7  54.4   25.0  -11.3  27.4 294.3   5.0  -63.310 -31.687 999.0 999.0 14125.0  1.0  1.0  1.0  1.0  1.0 99.0
2802.0  145.0 -62.8 -67.6  52.5   18.1  -11.6  21.5 302.7   5.0  -63.302 -31.691 999.0 999.0 14335.0  1.0  1.0  1.0  1.0  1.0 99.0
2845.0  140.0 -64.5 -68.9  54.4   13.1  -15.0  19.9 318.9   5.0  -63.297 -31.695 999.0 999.0 14550.0  1.0  1.0  1.0  1.0  1.0 99.0
2889.0  135.0 -66.8 -71.0  55.1   12.0  -17.5  21.2 325.6   5.0  -63.293 -31.700 999.0 999.0 14770.0  1.0  1.0  1.0  1.0  1.0 99.0
2934.0  130.0 -69.0 -73.2  54.1    8.8  -17.7  19.8 333.6   5.0  -63.290 -31.705 999.0 999.0 14995.0  1.0  1.0  1.0  1.0  1.0 99.0
2981.0  125.0 -71.0 -74.9  56.1    9.2  -18.2  20.4 333.2   5.0  -63.286 -31.711 999.0 999.0 15230.0  1.0  1.0  1.0  1.0  1.0 99.0